c 9th DIMACS Implementation Challenge: Shortest Paths
c http://www.dis.uniroma1.it/~challenge9
c TIGER/Line graph AK.tmp
c
p sp 69082 156200
c graph contains 69082 nodes and 156200 arcs
c
a 1 2 1615
a 2 1 1615
a 3 4 77
a 4 3 77
a 5 6 818
a 6 5 818
a 7 8 199
a 8 7 199
a 9 10 4364
a 10 9 4364
a 11 12 8334
a 12 11 8334
a 13 14 165
a 14 13 165
a 15 16 2047
a 16 15 2047
a 17 16 1799
a 16 17 1799
a 18 19 558
a 19 18 558
a 20 13 208
a 13 20 208
a 17 21 2704
a 21 17 2704
a 21 22 784
a 22 21 784
a 23 24 961
a 24 23 961
a 25 18 589
a 18 25 589
a 26 27 241
a 27 26 241
a 28 29 1162
a 29 28 1162
a 30 31 1078
a 31 30 1078
a 32 33 4473
a 33 32 4473
a 31 32 897
a 32 31 897
a 34 35 1538
a 35 34 1538
a 36 37 931
a 37 36 931
a 38 39 427
a 39 38 427
a 40 41 214
a 41 40 214
a 42 43 1108
a 43 42 1108
a 44 45 389
a 45 44 389
a 35 46 295
a 46 35 295
a 47 48 47
a 48 47 47
a 49 50 86
a 50 49 86
a 51 1 200
a 1 51 200
a 52 53 34648
a 53 52 34648
a 54 55 6303
a 55 54 6303
a 56 54 1053
a 54 56 1053
a 54 57 1765
a 57 54 1765
a 51 58 620
a 58 51 620
a 59 60 4385
a 60 59 4385
a 61 62 180
a 62 61 180
a 63 64 96
a 64 63 96
a 64 20 328
a 20 64 328
a 65 66 43
a 66 65 43
a 67 68 1754
a 68 67 1754
a 69 70 1420
a 70 69 1420
a 71 72 1221
a 72 71 1221
a 73 71 204
a 71 73 204
a 72 74 200
a 74 72 200
a 74 75 158
a 75 74 158
a 76 77 739
a 77 76 739
a 76 78 864
a 78 76 864
a 78 79 1132
a 79 78 1132
a 80 81 7607
a 81 80 7607
a 82 83 560
a 83 82 560
a 80 13 1259
a 13 80 1259
a 84 51 2974
a 51 84 2974
a 85 82 124
a 82 85 124
a 58 86 369
a 86 58 369
a 58 87 353
a 87 58 353
a 88 89 138
a 89 88 138
a 83 90 45
a 90 83 45
a 65 91 76
a 91 65 76
a 92 93 27
a 93 92 27
a 94 95 14
a 95 94 14
a 96 97 22
a 97 96 22
a 98 99 287
a 99 98 287
a 98 100 232
a 100 98 232
a 2 88 804
a 88 2 804
a 89 101 743
a 101 89 743
a 2 85 147
a 85 2 147
a 102 80 217
a 80 102 217
a 103 104 453
a 104 103 453
a 105 106 306
a 106 105 306
a 107 108 125
a 108 107 125
a 61 109 450
a 109 61 450
a 50 110 361
a 110 50 361
a 110 111 608
a 111 110 608
a 111 112 131
a 112 111 131
a 101 113 558
a 113 101 558
a 102 1 1498
a 1 102 1498
a 114 115 533
a 115 114 533
a 14 116 1929
a 116 14 1929
a 117 49 669
a 49 117 669
a 117 118 690
a 118 117 690
a 119 120 403
a 120 119 403
a 121 122 1800
a 122 121 1800
a 67 123 1507
a 123 67 1507
a 45 103 335
a 103 45 335
a 121 45 152
a 45 121 152
a 122 42 4737
a 42 122 4737
a 50 124 152
a 124 50 152
a 124 124 0
a 124 124 0
a 121 125 627
a 125 121 627
a 126 62 421
a 62 126 421
a 127 128 106
a 128 127 106
a 129 130 511
a 130 129 511
a 131 132 256
a 132 131 256
a 133 134 22
a 134 133 22
a 135 136 387
a 136 135 387
a 36 137 1557
a 137 36 1557
a 33 138 108
a 138 33 108
a 138 139 778
a 139 138 778
a 26 140 871
a 140 26 871
a 141 26 332
a 26 141 332
a 142 143 190
a 143 142 190
a 144 33 2676
a 33 144 2676
a 145 146 36
a 146 145 36
a 68 117 409
a 117 68 409
a 35 147 58
a 147 35 58
a 68 148 273
a 148 68 273
a 117 149 177
a 149 117 177
a 62 44 340
a 44 62 340
a 29 150 836
a 150 29 836
a 151 152 210
a 152 151 210
a 149 153 150
a 153 149 150
a 149 154 124
a 154 149 124
a 155 156 29
a 156 155 29
a 157 155 27
a 155 157 27
a 158 36 5524
a 36 158 5524
a 147 159 469
a 159 147 469
a 78 160 70
a 160 78 70
a 161 63 106
a 63 161 106
a 162 163 193
a 163 162 193
a 51 164 784
a 164 51 784
a 86 165 656
a 165 86 656
a 89 166 1135
a 166 89 1135
a 86 167 574
a 167 86 574
a 168 84 1454
a 84 168 1454
a 168 169 880
a 169 168 880
a 170 171 279
a 171 170 279
a 115 161 231
a 161 115 231
a 172 173 91
a 173 172 91
a 97 174 265
a 174 97 265
a 175 176 1753
a 176 175 1753
a 72 177 72
a 177 72 72
a 178 179 235
a 179 178 235
a 177 180 278
a 180 177 278
a 177 181 201
a 181 177 201
a 182 183 157
a 183 182 157
a 176 184 125
a 184 176 125
a 184 179 212
a 179 184 212
a 182 185 112
a 185 182 112
a 180 182 82
a 182 180 82
a 8 151 92
a 151 8 92
a 186 187 140
a 187 186 140
a 188 189 384
a 189 188 384
a 186 188 608
a 188 186 608
a 136 190 738
a 190 136 738
a 190 191 3171
a 191 190 3171
a 183 192 99
a 192 183 99
a 193 194 53
a 194 193 53
a 194 195 113
a 195 194 113
a 195 178 65
a 178 195 65
a 196 193 177
a 193 196 177
a 193 197 94
a 197 193 94
a 192 198 108
a 198 192 108
a 192 199 80
a 199 192 80
a 199 200 150
a 200 199 150
a 198 196 179
a 196 198 179
a 198 201 52
a 201 198 52
a 201 202 215
a 202 201 215
a 200 5 174
a 5 200 174
a 200 47 70
a 47 200 70
a 180 203 172
a 203 180 172
a 204 205 1078
a 205 204 1078
a 205 206 3751
a 206 205 3751
a 10 204 143
a 204 10 143
a 206 15 7814
a 15 206 7814
a 191 207 1859
a 207 191 1859
a 11 21 2242
a 21 11 2242
a 22 23 3001
a 23 22 3001
a 24 208 935
a 208 24 935
a 209 210 259
a 210 209 259
a 211 25 1262
a 25 211 1262
a 210 211 389
a 211 210 389
a 212 213 418
a 213 212 418
a 25 214 1473
a 214 25 1473
a 215 216 2605
a 216 215 2605
a 214 215 131
a 215 214 131
a 217 133 898
a 133 217 898
a 217 218 38
a 218 217 38
a 216 217 629
a 217 216 629
a 131 219 160
a 219 131 160
a 216 220 149
a 220 216 149
a 221 131 586
a 131 221 586
a 219 222 27
a 222 219 27
a 221 223 145
a 223 221 145
a 222 224 155
a 224 222 155
a 224 225 294
a 225 224 294
a 222 226 594
a 226 222 594
a 220 221 92
a 221 220 92
a 220 227 137
a 227 220 137
a 223 228 13
a 228 223 13
a 223 229 359
a 229 223 359
a 230 231 428
a 231 230 428
a 230 232 480
a 232 230 480
a 132 233 460
a 233 132 460
a 132 234 247
a 234 132 247
a 234 235 371
a 235 234 371
a 233 3 118
a 3 233 118
a 233 235 264
a 235 233 264
a 233 236 104
a 236 233 104
a 216 237 279
a 237 216 279
a 214 238 234
a 238 214 234
a 239 26 438
a 26 239 438
a 235 240 253
a 240 235 253
a 241 188 417
a 188 241 417
a 242 151 144
a 151 242 144
a 243 244 314
a 244 243 314
a 245 246 100
a 246 245 100
a 243 245 305
a 245 243 305
a 245 247 401
a 247 245 401
a 143 8 195
a 8 143 195
a 240 242 251
a 242 240 251
a 143 240 187
a 240 143 187
a 140 248 416
a 248 140 416
a 240 225 591
a 225 240 591
a 225 249 237
a 249 225 237
a 241 186 552
a 186 241 552
a 218 131 167
a 131 218 167
a 250 251 363
a 251 250 363
a 218 4 862
a 4 218 862
a 4 133 48
a 133 4 48
a 152 252 173
a 252 152 173
a 7 142 185
a 142 7 185
a 253 249 398
a 249 253 398
a 212 7 67
a 7 212 67
a 251 30 328
a 30 251 328
a 249 230 526
a 230 249 526
a 254 253 451
a 253 254 451
a 248 189 383
a 189 248 383
a 255 241 625
a 241 255 625
a 242 254 219
a 254 242 219
a 189 250 1424
a 250 189 1424
a 254 245 1072
a 245 254 1072
a 256 255 222
a 255 256 222
a 231 244 583
a 244 231 583
a 244 256 346
a 256 244 346
a 231 243 424
a 243 231 424
a 255 257 239
a 257 255 239
a 258 259 829
a 259 258 829
a 260 29 906
a 29 260 906
a 260 261 2147
a 261 260 2147
a 238 262 418
a 262 238 418
a 263 97 153
a 97 263 153
a 208 264 571
a 264 208 571
a 136 258 264
a 258 136 264
a 150 136 636
a 136 150 636
a 93 88 187
a 88 93 187
a 85 65 606
a 65 85 606
a 125 39 350
a 39 125 350
a 265 266 688
a 266 265 688
a 34 267 2686
a 267 34 2686
a 266 34 151
a 34 266 151
a 14 172 467
a 172 14 467
a 116 268 412
a 268 116 412
a 39 119 589
a 119 39 589
a 125 162 159
a 162 125 159
a 269 126 222
a 126 269 222
a 109 270 101
a 270 109 101
a 271 272 113
a 272 271 113
a 273 61 332
a 61 273 332
a 123 107 40
a 107 123 40
a 108 105 100
a 105 108 100
a 106 274 2
a 274 106 2
a 274 271 182
a 271 274 182
a 272 273 290
a 273 272 290
a 270 269 296
a 269 270 296
a 119 265 511
a 265 119 511
a 275 276 1770
a 276 275 1770
a 277 278 298
a 278 277 298
a 279 277 43
a 277 279 43
a 280 279 75
a 279 280 75
a 279 281 170
a 281 279 170
a 282 283 408
a 283 282 408
a 283 284 179
a 284 283 179
a 285 286 113
a 286 285 113
a 287 288 94
a 288 287 94
a 285 289 105
a 289 285 105
a 289 290 62
a 290 289 62
a 290 287 203
a 287 290 203
a 286 282 146
a 282 286 146
a 284 280 90
a 280 284 90
a 146 179 60
a 179 146 60
a 43 158 1352
a 158 43 1352
a 81 291 1546
a 291 81 1546
a 81 292 1237
a 292 81 1237
a 75 293 490
a 293 75 490
a 294 74 569
a 74 294 569
a 75 294 524
a 294 75 524
a 294 295 156
a 295 294 156
a 295 294 156
a 294 295 156
a 97 98 83
a 98 97 83
a 127 296 109
a 296 127 109
a 297 298 159
a 298 297 159
a 267 298 387
a 298 267 387
a 296 297 590
a 297 296 590
a 296 299 63
a 299 296 63
a 299 155 104
a 155 299 104
a 156 300 160
a 300 156 160
a 300 301 275
a 301 300 275
a 300 302 244
a 302 300 244
a 128 129 14
a 129 128 14
a 128 303 19
a 303 128 19
a 303 157 138
a 157 303 138
a 162 304 142
a 304 162 142
a 305 76 586
a 76 305 586
a 305 306 514
a 306 305 514
a 120 307 87
a 307 120 87
a 120 308 96
a 308 120 96
a 82 309 448
a 309 82 448
a 310 113 340
a 113 310 340
a 93 85 753
a 85 93 753
a 83 170 299
a 170 83 299
a 115 311 86
a 311 115 86
a 93 312 93
a 312 93 93
a 313 314 57
a 314 313 57
a 95 212 94
a 212 95 94
a 113 92 390
a 92 113 390
a 311 315 102
a 315 311 102
a 311 316 523
a 316 311 523
a 316 317 111
a 317 316 111
a 316 318 57
a 318 316 57
a 319 320 240
a 320 319 240
a 318 320 187
a 320 318 187
a 321 322 206
a 322 321 206
a 321 323 91
a 323 321 91
a 324 325 80
a 325 324 80
a 326 327 131
a 327 326 131
a 315 263 196
a 263 315 196
a 3 95 256
a 95 3 256
a 226 224 640
a 224 226 640
a 223 226 80
a 226 223 80
a 328 219 98
a 219 328 98
a 252 141 477
a 141 252 477
a 213 239 366
a 239 213 366
a 252 213 83
a 213 252 83
a 329 254 19
a 254 329 19
a 225 253 572
a 253 225 572
a 263 101 50
a 101 263 50
a 165 168 632
a 168 165 632
a 330 165 764
a 165 330 764
a 331 313 66
a 313 331 66
a 312 313 550
a 313 312 550
a 312 332 155
a 332 312 155
a 332 333 117
a 333 332 117
a 325 321 316
a 321 325 316
a 334 335 152
a 335 334 152
a 259 260 221
a 260 259 221
a 12 59 899
a 59 12 899
a 163 336 159
a 336 163 159
a 41 38 305
a 38 41 305
a 163 337 139
a 337 163 139
a 304 338 109
a 338 304 109
a 337 339 104
a 339 337 104
a 304 337 211
a 337 304 211
a 338 40 84
a 40 338 84
a 339 41 90
a 41 339 90
a 68 340 564
a 340 68 564
a 112 341 125
a 341 112 125
a 112 342 542
a 342 112 542
a 281 343 437
a 343 281 437
a 285 281 1030
a 281 285 1030
a 343 344 124
a 344 343 124
a 276 345 131
a 345 276 131
a 343 276 1031
a 276 343 1031
a 346 347 267
a 347 346 267
a 293 305 425
a 305 293 425
a 77 295 301
a 295 77 301
a 293 77 551
a 77 293 551
a 70 71 290
a 71 70 290
a 348 70 63
a 70 348 63
a 259 349 926
a 349 259 926
a 264 209 254
a 209 264 254
a 264 350 693
a 350 264 693
a 246 255 473
a 255 246 473
a 247 351 170
a 351 247 170
a 246 247 392
a 247 246 392
a 352 353 2031
a 353 352 2031
a 354 355 8259
a 355 354 8259
a 356 357 268
a 357 356 268
a 353 354 8302
a 354 353 8302
a 358 359 1530
a 359 358 1530
a 355 358 1098
a 358 355 1098
a 355 360 2892
a 360 355 2892
a 358 361 838
a 361 358 838
a 361 362 2327
a 362 361 2327
a 361 363 8047
a 363 361 8047
a 364 365 1305
a 365 364 1305
a 366 367 1014
a 367 366 1014
a 360 368 9408
a 368 360 9408
a 360 369 9523
a 369 360 9523
a 370 363 3552
a 363 370 3552
a 363 366 1747
a 366 363 1747
a 371 372 485
a 372 371 485
a 373 374 1034
a 374 373 1034
a 375 368 2426
a 368 375 2426
a 373 376 657
a 376 373 657
a 368 369 2142
a 369 368 2142
a 377 378 724
a 378 377 724
a 379 371 1893
a 371 379 1893
a 380 381 1377
a 381 380 1377
a 382 383 1632
a 383 382 1632
a 384 360 21296
a 360 384 21296
a 366 385 1995
a 385 366 1995
a 369 386 16096
a 386 369 16096
a 385 377 860
a 377 385 860
a 385 387 751
a 387 385 751
a 388 386 2740
a 386 388 2740
a 386 389 3673
a 389 386 3673
a 390 391 11865
a 391 390 11865
a 390 392 4900
a 392 390 4900
a 392 393 1450
a 393 392 1450
a 392 391 7296
a 391 392 7296
a 393 394 4146
a 394 393 4146
a 393 395 3722
a 395 393 3722
a 391 390 11865
a 390 391 11865
a 396 397 2483
a 397 396 2483
a 396 398 982
a 398 396 982
a 399 400 220
a 400 399 220
a 401 402 3369
a 402 401 3369
a 401 403 2438
a 403 401 2438
a 404 405 90
a 405 404 90
a 406 407 1830
a 407 406 1830
a 408 409 313
a 409 408 313
a 410 411 5035
a 411 410 5035
a 412 406 15066
a 406 412 15066
a 413 412 3447
a 412 413 3447
a 410 414 4172
a 414 410 4172
a 414 413 5883
a 413 414 5883
a 415 414 5951
a 414 415 5951
a 416 417 5739
a 417 416 5739
a 417 418 301
a 418 417 301
a 409 419 213
a 419 409 213
a 420 421 90
a 421 420 90
a 409 422 452
a 422 409 452
a 423 424 454
a 424 423 454
a 425 426 21414
a 426 425 21414
a 427 396 3375
a 396 427 3375
a 428 396 464
a 396 428 464
a 429 430 937
a 430 429 937
a 431 432 287
a 432 431 287
a 431 433 58
a 433 431 58
a 434 435 472
a 435 434 472
a 429 436 461
a 436 429 461
a 433 437 175
a 437 433 175
a 432 399 298
a 399 432 298
a 438 439 1104
a 439 438 1104
a 432 438 380
a 438 432 380
a 437 438 340
a 438 437 340
a 399 440 153
a 440 399 153
a 441 442 430
a 442 441 430
a 426 443 2838
a 443 426 2838
a 444 445 175
a 445 444 175
a 397 446 1109
a 446 397 1109
a 426 447 1227
a 447 426 1227
a 448 449 84
a 449 448 84
a 450 451 40
a 451 450 40
a 452 430 53
a 430 452 53
a 453 429 152
a 429 453 152
a 439 454 60
a 454 439 60
a 434 455 133
a 455 434 133
a 435 456 61
a 456 435 61
a 456 457 560
a 457 456 560
a 455 457 2
a 457 455 2
a 456 455 561
a 455 456 561
a 433 458 343
a 458 433 343
a 432 437 167
a 437 432 167
a 452 453 921
a 453 452 921
a 450 459 255
a 459 450 255
a 460 461 37
a 461 460 37
a 462 460 89
a 460 462 89
a 463 464 24
a 464 463 24
a 463 465 74
a 465 463 74
a 430 466 296
a 466 430 296
a 467 468 70
a 468 467 70
a 469 470 72
a 470 469 72
a 466 471 107
a 471 466 107
a 472 473 47
a 473 472 47
a 473 474 277
a 474 473 277
a 475 476 86
a 476 475 86
a 477 478 39
a 478 477 39
a 479 472 100
a 472 479 100
a 480 481 6009
a 481 480 6009
a 482 483 144
a 483 482 144
a 484 485 1597
a 485 484 1597
a 486 487 1725
a 487 486 1725
a 486 488 646
a 488 486 646
a 489 490 278
a 490 489 278
a 490 491 3194
a 491 490 3194
a 481 489 3994
a 489 481 3994
a 480 492 1285
a 492 480 1285
a 481 493 1582
a 493 481 1582
a 493 494 771
a 494 493 771
a 494 495 3059
a 495 494 3059
a 494 493 771
a 493 494 771
a 492 496 4145
a 496 492 4145
a 497 477 214
a 477 497 214
a 498 477 15
a 477 498 15
a 499 500 410
a 500 499 410
a 501 502 261
a 502 501 261
a 476 503 323
a 503 476 323
a 504 505 35
a 505 504 35
a 506 469 476
a 469 506 476
a 504 507 72
a 507 504 72
a 501 476 51
a 476 501 51
a 508 509 172
a 509 508 172
a 508 499 26
a 499 508 26
a 478 510 233
a 510 478 233
a 500 511 12
a 511 500 12
a 469 512 91
a 512 469 91
a 470 512 133
a 512 470 133
a 513 506 41
a 506 513 41
a 514 515 62
a 515 514 62
a 516 517 33
a 517 516 33
a 499 498 26
a 498 499 26
a 467 518 94
a 518 467 94
a 518 519 31
a 519 518 31
a 507 520 69
a 520 507 69
a 518 521 46
a 521 518 46
a 464 460 11
a 460 464 11
a 464 522 68
a 522 464 68
a 511 513 39
a 513 511 39
a 522 511 311
a 511 522 311
a 523 507 153
a 507 523 153
a 520 500 55
a 500 520 55
a 524 520 249
a 520 524 249
a 522 524 48
a 524 522 48
a 525 526 68
a 526 525 68
a 527 526 125
a 526 527 125
a 512 509 34
a 509 512 34
a 366 528 847
a 528 366 847
a 509 497 24
a 497 509 24
a 367 377 1017
a 377 367 1017
a 497 510 33
a 510 497 33
a 528 529 1016
a 529 528 1016
a 510 502 33
a 502 510 33
a 367 528 1050
a 528 367 1050
a 502 474 34
a 474 502 34
a 378 530 475
a 530 378 475
a 474 531 31
a 531 474 31
a 532 479 277
a 479 532 277
a 531 532 35
a 532 531 35
a 473 533 23
a 533 473 23
a 479 534 26
a 534 479 26
a 378 535 524
a 535 378 524
a 535 536 1290
a 536 535 1290
a 530 537 691
a 537 530 691
a 535 530 558
a 530 535 558
a 536 375 1062
a 375 536 1062
a 537 538 1226
a 538 537 1226
a 536 537 1195
a 537 536 1195
a 538 373 473
a 373 538 473
a 365 375 286
a 375 365 286
a 538 539 441
a 539 538 441
a 539 540 857
a 540 539 857
a 541 364 490
a 364 541 490
a 539 542 696
a 542 539 696
a 540 365 365
a 365 540 365
a 542 541 557
a 541 542 557
a 540 542 1030
a 542 540 1030
a 543 544 35
a 544 543 35
a 545 546 77
a 546 545 77
a 547 545 80
a 545 547 80
a 548 546 124
a 546 548 124
a 549 548 93
a 548 549 93
a 550 551 336
a 551 550 336
a 552 553 5590
a 553 552 5590
a 553 554 7259
a 554 553 7259
a 553 555 8582
a 555 553 8582
a 556 557 2422
a 557 556 2422
a 554 556 5055
a 556 554 5055
a 558 559 5979
a 559 558 5979
a 560 561 4138
a 561 560 4138
a 562 554 4345
a 554 562 4345
a 556 560 4726
a 560 556 4726
a 560 559 1598
a 559 560 1598
a 554 563 6540
a 563 554 6540
a 564 565 1043
a 565 564 1043
a 566 567 273
a 567 566 273
a 568 569 4986
a 569 568 4986
a 570 571 4751
a 571 570 4751
a 572 570 840
a 570 572 840
a 573 570 3639
a 570 573 3639
a 574 527 67
a 527 574 67
a 575 572 2333
a 572 575 2333
a 575 576 7412
a 576 575 7412
a 577 516 74
a 516 577 74
a 578 573 4918
a 573 578 4918
a 573 579 11840
a 579 573 11840
a 580 581 11492
a 581 580 11492
a 581 582 13161
a 582 581 13161
a 581 583 4338
a 583 581 4338
a 583 584 8993
a 584 583 8993
a 585 583 8642
a 583 585 8642
a 586 585 2366
a 585 586 2366
a 585 587 6495
a 587 585 6495
a 584 586 525
a 586 584 525
a 559 588 1161
a 588 559 1161
a 589 590 1733
a 590 589 1733
a 582 587 2003
a 587 582 2003
a 587 591 2860
a 591 587 2860
a 592 593 546
a 593 592 546
a 381 594 3664
a 594 381 3664
a 381 595 175
a 595 381 175
a 595 595 0
a 595 595 0
a 380 596 1125
a 596 380 1125
a 597 598 5910
a 598 597 5910
a 599 600 451
a 600 599 451
a 598 601 4465
a 601 598 4465
a 601 602 3065
a 602 601 3065
a 600 603 394
a 603 600 394
a 604 605 412
a 605 604 412
a 605 600 386
a 600 605 386
a 606 607 218
a 607 606 218
a 608 423 228
a 423 608 228
a 483 609 113
a 609 483 113
a 610 611 465
a 611 610 465
a 612 613 2310
a 613 612 2310
a 602 614 16159
a 614 602 16159
a 615 616 87
a 616 615 87
a 408 415 366
a 415 408 366
a 418 617 3297
a 617 418 3297
a 421 618 174
a 618 421 174
a 619 620 308
a 620 619 308
a 621 622 269
a 622 621 269
a 619 623 392
a 623 619 392
a 624 625 159
a 625 624 159
a 623 545 99
a 545 623 99
a 624 623 238
a 623 624 238
a 625 626 205
a 626 625 205
a 546 627 182
a 627 546 182
a 625 548 101
a 548 625 101
a 626 621 199
a 621 626 199
a 627 622 237
a 622 627 237
a 626 627 243
a 627 626 243
a 622 628 308
a 628 622 308
a 546 629 212
a 629 546 212
a 607 630 253
a 630 607 253
a 627 631 243
a 631 627 243
a 630 551 311
a 551 630 311
a 622 630 585
a 630 622 585
a 632 633 260
a 633 632 260
a 628 634 279
a 634 628 279
a 551 635 357
a 635 551 357
a 628 550 275
a 550 628 275
a 636 637 1146
a 637 636 1146
a 638 639 164
a 639 638 164
a 640 641 313
a 641 640 313
a 642 643 381
a 643 642 381
a 640 644 243
a 644 640 243
a 644 642 256
a 642 644 256
a 644 645 235
a 645 644 235
a 645 646 175
a 646 645 175
a 647 642 222
a 642 647 222
a 645 647 211
a 647 645 211
a 648 649 443
a 649 648 443
a 643 650 35
a 650 643 35
a 648 651 318
a 651 648 318
a 651 652 201
a 652 651 201
a 649 632 392
a 632 649 392
a 651 649 610
a 649 651 610
a 652 653 493
a 653 652 493
a 638 654 974
a 654 638 974
a 620 624 429
a 624 620 429
a 655 656 268
a 656 655 268
a 657 647 167
a 647 657 167
a 654 658 190
a 658 654 190
a 654 659 531
a 659 654 531
a 634 640 157
a 640 634 157
a 660 483 297
a 483 660 297
a 609 638 109
a 638 609 109
a 660 661 370
a 661 660 370
a 637 660 410
a 660 637 410
a 609 662 834
a 662 609 834
a 663 639 130
a 639 663 130
a 664 665 3898
a 665 664 3898
a 633 666 677
a 666 633 677
a 633 667 1045
a 667 633 1045
a 668 543 1336
a 543 668 1336
a 637 669 4352
a 669 637 4352
a 670 671 260
a 671 670 260
a 666 670 737
a 670 666 737
a 672 485 1424
a 485 672 1424
a 668 673 1471
a 673 668 1471
a 672 674 347
a 674 672 347
a 675 672 234
a 672 675 234
a 675 676 355
a 676 675 355
a 677 678 293
a 678 677 293
a 679 677 2924
a 677 679 2924
a 679 680 272
a 680 679 272
a 487 681 575
a 681 487 575
a 682 486 1552
a 486 682 1552
a 682 675 119
a 675 682 119
a 683 684 753
a 684 683 753
a 681 685 1936
a 685 681 1936
a 681 686 520
a 686 681 520
a 544 679 129
a 679 544 129
a 544 687 2198
a 687 544 2198
a 670 688 363
a 688 670 363
a 677 689 611
a 689 677 611
a 665 690 178
a 690 665 178
a 690 689 13924
a 689 690 13924
a 650 664 9088
a 664 650 9088
a 691 650 498
a 650 691 498
a 656 619 237
a 619 656 237
a 692 656 173
a 656 692 173
a 693 694 577
a 694 693 577
a 667 356 870
a 356 667 870
a 667 695 310
a 695 667 310
a 694 696 820
a 696 694 820
a 694 697 320
a 697 694 320
a 696 612 2690
a 612 696 2690
a 696 698 2517
a 698 696 2517
a 699 700 433
a 700 699 433
a 621 657 385
a 657 621 385
a 646 657 182
a 657 646 182
a 701 629 161
a 629 701 161
a 631 607 224
a 607 631 224
a 635 702 142
a 702 635 142
a 551 703 150
a 703 551 150
a 702 641 638
a 641 702 638
a 699 704 512
a 704 699 512
a 705 706 493
a 706 705 493
a 707 708 831
a 708 707 831
a 705 709 325
a 709 705 325
a 707 710 819
a 710 707 819
a 711 712 727
a 712 711 727
a 706 707 411
a 707 706 411
a 711 706 339
a 706 711 339
a 713 711 204
a 711 713 204
a 712 714 170
a 714 712 170
a 713 715 830
a 715 713 830
a 713 716 110
a 716 713 110
a 709 713 181
a 713 709 181
a 715 712 124
a 712 715 124
a 709 715 988
a 715 709 988
a 669 717 4543
a 717 669 4543
a 669 718 2372
a 718 669 2372
a 719 700 805
a 700 719 805
a 720 721 794
a 721 720 794
a 722 684 7039
a 684 722 7039
a 718 723 1594
a 723 718 1594
a 724 720 756
a 720 724 756
a 725 719 1694
a 719 725 1694
a 724 725 308
a 725 724 308
a 723 722 507
a 722 723 507
a 718 723 1594
a 723 718 1594
a 726 725 1632
a 725 726 1632
a 720 726 595
a 726 720 595
a 721 724 830
a 724 721 830
a 704 705 385
a 705 704 385
a 721 704 874
a 704 721 874
a 727 728 833
a 728 727 833
a 729 730 1151
a 730 729 1151
a 710 729 185
a 729 710 185
a 731 727 613
a 727 731 613
a 588 589 466
a 589 588 466
a 730 726 378
a 726 730 378
a 730 732 722
a 732 730 722
a 733 589 319
a 589 733 319
a 588 733 464
a 733 588 464
a 563 734 3749
a 734 563 3749
a 735 736 951
a 736 735 951
a 737 564 386
a 564 737 386
a 737 738 707
a 738 737 707
a 738 735 477
a 735 738 477
a 700 727 1515
a 727 700 1515
a 739 740 1003
a 740 739 1003
a 731 741 659
a 741 731 659
a 731 742 230
a 742 731 230
a 662 659 127
a 659 662 127
a 743 662 491
a 662 743 491
a 741 728 820
a 728 741 820
a 741 611 219
a 611 741 219
a 744 636 191
a 636 744 191
a 745 746 194
a 746 745 194
a 728 747 2334
a 747 728 2334
a 748 747 1846
a 747 748 1846
a 639 749 695
a 749 639 695
a 746 747 12
a 747 746 12
a 703 663 62
a 663 703 62
a 750 751 1192
a 751 750 1192
a 736 752 1367
a 752 736 1367
a 753 738 1050
a 738 753 1050
a 565 753 609
a 753 565 609
a 565 737 838
a 737 565 838
a 754 755 1010
a 755 754 1010
a 755 756 150
a 756 755 150
a 757 426 1375
a 426 757 1375
a 442 429 794
a 429 442 794
a 758 442 3456
a 442 758 3456
a 759 380 943
a 380 759 943
a 758 760 1435
a 760 758 1435
a 761 757 470
a 757 761 470
a 444 762 542
a 762 444 542
a 444 763 226
a 763 444 226
a 757 764 2462
a 764 757 2462
a 765 766 433
a 766 765 433
a 761 767 2439
a 767 761 2439
a 766 431 975
a 431 766 975
a 765 768 148
a 768 765 148
a 768 766 324
a 766 768 324
a 762 769 283
a 769 762 283
a 770 758 2094
a 758 770 2094
a 596 771 711
a 771 596 711
a 759 596 301
a 596 759 301
a 772 364 820
a 364 772 820
a 541 772 513
a 772 541 513
a 773 774 598
a 774 773 598
a 373 773 822
a 773 373 822
a 376 541 443
a 541 376 443
a 774 772 439
a 772 774 439
a 376 774 541
a 774 376 541
a 771 775 398
a 775 771 398
a 776 759 1165
a 759 776 1165
a 771 777 537
a 777 771 537
a 775 778 354
a 778 775 354
a 779 776 1277
a 776 779 1277
a 775 780 52
a 780 775 52
a 781 782 198
a 782 781 198
a 671 668 444
a 668 671 444
a 591 783 1432
a 783 591 1432
a 784 733 1208
a 733 784 1208
a 785 786 2010
a 786 785 2010
a 784 785 180
a 785 784 180
a 590 582 194
a 582 590 194
a 590 787 553
a 787 590 553
a 788 789 400
a 789 788 400
a 787 591 2672
a 591 787 2672
a 786 591 1249
a 591 786 1249
a 787 786 2312
a 786 787 2312
a 641 648 92
a 648 641 92
a 604 790 249
a 790 604 249
a 791 598 2283
a 598 791 2283
a 791 792 72
a 792 791 72
a 793 794 340
a 794 793 340
a 795 796 1001
a 796 795 1001
a 797 798 576
a 798 797 576
a 799 800 152
a 800 799 152
a 801 802 274
a 802 801 274
a 792 803 227
a 803 792 227
a 804 575 641
a 575 804 641
a 805 806 38
a 806 805 38
a 807 808 175
a 808 807 175
a 805 809 215
a 809 805 215
a 809 810 394
a 810 809 394
a 792 811 240
a 811 792 240
a 809 810 394
a 810 809 394
a 812 813 220
a 813 812 220
a 810 807 150
a 807 810 150
a 814 807 25
a 807 814 25
a 814 815 551
a 815 814 551
a 816 454 958
a 454 816 958
a 817 592 1741
a 592 817 1741
a 817 818 489
a 818 817 489
a 734 785 249
a 785 734 249
a 819 750 758
a 750 819 758
a 820 821 222
a 821 820 222
a 808 820 603
a 820 808 603
a 806 822 165
a 822 806 165
a 823 566 92
a 566 823 92
a 806 823 751
a 823 806 751
a 822 808 530
a 808 822 530
a 824 823 130
a 823 824 130
a 822 824 555
a 824 822 555
a 821 804 213
a 804 821 213
a 825 826 243
a 826 825 243
a 827 751 2645
a 751 827 2645
a 739 572 2908
a 572 739 2908
a 828 829 210
a 829 828 210
a 752 830 456
a 830 752 456
a 831 819 230
a 819 831 230
a 824 821 606
a 821 824 606
a 593 831 1223
a 831 593 1223
a 827 593 263
a 593 827 263
a 752 827 260
a 827 752 260
a 804 566 566
a 566 804 566
a 756 825 668
a 825 756 668
a 832 833 188
a 833 832 188
a 815 820 246
a 820 815 246
a 831 566 922
a 566 831 922
a 834 815 585
a 815 834 585
a 835 836 466
a 836 835 466
a 834 814 262
a 814 834 262
a 808 824 171
a 824 808 171
a 750 834 209
a 834 750 209
a 819 805 70
a 805 819 70
a 832 837 374
a 837 832 374
a 838 827 1170
a 827 838 1170
a 458 839 609
a 839 458 609
a 755 840 753
a 840 755 753
a 826 838 134
a 838 826 134
a 571 562 49
a 562 571 49
a 751 739 470
a 739 751 470
a 840 826 109
a 826 840 109
a 841 735 687
a 735 841 687
a 569 571 132
a 571 569 132
a 571 564 4479
a 564 571 4479
a 842 843 98
a 843 842 98
a 836 844 128
a 844 836 128
a 843 756 913
a 756 843 913
a 845 783 3073
a 783 845 3073
a 840 846 576
a 846 840 576
a 847 848 817
a 848 847 817
a 783 849 2646
a 849 783 2646
a 850 851 644
a 851 850 644
a 852 853 435
a 853 852 435
a 849 854 561
a 854 849 561
a 855 856 691
a 856 855 691
a 680 682 349
a 682 680 349
a 857 487 708
a 487 857 708
a 858 859 1036
a 859 858 1036
a 859 599 1206
a 599 859 1206
a 860 604 186
a 604 860 186
a 861 862 40
a 862 861 40
a 862 604 245
a 604 862 245
a 717 863 1586
a 863 717 1586
a 864 812 1086
a 812 864 1086
a 864 861 210
a 861 864 210
a 865 860 178
a 860 865 178
a 422 866 323
a 866 422 323
a 867 666 282
a 666 867 282
a 867 868 2542
a 868 867 2542
a 563 753 2267
a 753 563 2267
a 688 867 693
a 867 688 693
a 446 761 2374
a 761 446 2374
a 611 869 317
a 869 611 317
a 744 745 205
a 745 744 205
a 778 773 1164
a 773 778 1164
a 870 778 89
a 778 870 89
a 374 779 421
a 779 374 421
a 871 741 228
a 741 871 228
a 356 872 475
a 872 356 475
a 736 830 931
a 830 736 931
a 550 873 106
a 873 550 106
a 839 828 118
a 828 839 118
a 874 798 389
a 798 874 389
a 874 875 1090
a 875 874 1090
a 659 876 95
a 876 659 95
a 778 374 894
a 374 778 894
a 877 878 98
a 878 877 98
a 878 879 147
a 879 878 147
a 880 881 136
a 881 880 136
a 882 883 170
a 883 882 170
a 884 885 308
a 885 884 308
a 886 887 208
a 887 886 208
a 888 889 635
a 889 888 635
a 890 891 175
a 891 890 175
a 403 892 208
a 892 403 208
a 892 893 128
a 893 892 128
a 894 895 114
a 895 894 114
a 895 896 615
a 896 895 615
a 896 897 105
a 897 896 105
a 405 898 545
a 898 405 545
a 893 899 332
a 899 893 332
a 899 900 244
a 900 899 244
a 894 901 3
a 901 894 3
a 900 902 241
a 902 900 241
a 901 902 270
a 902 901 270
a 900 901 481
a 901 900 481
a 402 903 10167
a 903 402 10167
a 887 890 160
a 890 887 160
a 887 904 540
a 904 887 540
a 904 905 55
a 905 904 55
a 883 884 537
a 884 883 537
a 526 906 13
a 906 526 13
a 883 907 109
a 907 883 109
a 526 515 244
a 515 526 244
a 908 887 205
a 887 908 205
a 905 909 92
a 909 905 92
a 910 888 452
a 888 910 452
a 910 911 202
a 911 910 202
a 907 527 215
a 527 907 215
a 907 912 452
a 912 907 452
a 913 914 39
a 914 913 39
a 915 908 108
a 908 915 108
a 914 915 134
a 915 914 134
a 912 913 178
a 913 912 178
a 906 781 78
a 781 906 78
a 781 916 70
a 916 781 70
a 781 917 90
a 917 781 90
a 917 516 152
a 516 917 152
a 916 912 101
a 912 916 101
a 916 918 144
a 918 916 144
a 918 577 94
a 577 918 94
a 891 919 70
a 919 891 70
a 889 405 483
a 405 889 483
a 891 920 465
a 920 891 465
a 889 921 68
a 921 889 68
a 919 922 89
a 922 919 89
a 920 889 256
a 889 920 256
a 919 920 482
a 920 919 482
a 920 923 204
a 923 920 204
a 922 924 159
a 924 922 159
a 922 925 447
a 925 922 447
a 926 574 115
a 574 926 115
a 924 888 292
a 888 924 292
a 574 525 111
a 525 574 111
a 924 927 104
a 927 924 104
a 897 877 304
a 877 897 304
a 882 897 57
a 897 882 57
a 877 910 153
a 910 877 153
a 911 877 220
a 877 911 220
a 525 881 147
a 881 525 147
a 877 928 213
a 928 877 213
a 928 525 130
a 525 928 130
a 881 514 104
a 514 881 104
a 928 880 86
a 880 928 86
a 885 886 167
a 886 885 167
a 929 930 149
a 930 929 149
a 931 932 67
a 932 931 67
a 931 933 414
a 933 931 414
a 934 935 1367
a 935 934 1367
a 933 936 384
a 936 933 384
a 934 937 858
a 937 934 858
a 938 933 257
a 933 938 257
a 939 931 362
a 931 939 362
a 938 939 398
a 939 938 398
a 940 939 1326
a 939 940 1326
a 937 938 523
a 938 937 523
a 940 941 1047
a 941 940 1047
a 936 934 714
a 934 936 714
a 937 936 389
a 936 937 389
a 936 942 510
a 942 936 510
a 941 930 12
a 930 941 12
a 930 937 546
a 937 930 546
a 372 370 1054
a 370 372 1054
a 372 943 699
a 943 372 699
a 943 944 125
a 944 943 125
a 944 945 1291
a 945 944 1291
a 944 945 1291
a 945 944 1291
a 780 779 848
a 779 780 848
a 777 776 422
a 776 777 422
a 780 777 771
a 777 780 771
a 594 382 6365
a 382 594 6365
a 945 594 3329
a 594 945 3329
a 946 947 1847
a 947 946 1847
a 947 948 2489
a 948 947 2489
a 597 948 432
a 948 597 432
a 948 949 832
a 949 948 832
a 812 791 6290
a 791 812 6290
a 617 950 559
a 950 617 559
a 617 951 550
a 951 617 550
a 952 950 333
a 950 952 333
a 951 420 20
a 420 951 20
a 952 953 145
a 953 952 145
a 615 422 85
a 422 615 85
a 954 955 138
a 955 954 138
a 955 615 131
a 615 955 131
a 956 957 25
a 957 956 25
a 954 958 78
a 958 954 78
a 959 954 322
a 954 959 322
a 866 952 304
a 952 866 304
a 957 866 62
a 866 957 62
a 615 956 240
a 956 615 240
a 953 959 134
a 959 953 134
a 956 953 328
a 953 956 328
a 960 915 250
a 915 960 250
a 958 956 74
a 956 958 74
a 955 958 123
a 958 955 123
a 958 961 202
a 961 958 202
a 514 924 202
a 924 514 202
a 951 962 221
a 962 951 221
a 515 960 88
a 960 515 88
a 962 950 314
a 950 962 314
a 421 963 212
a 963 421 212
a 963 964 1043
a 964 963 1043
a 408 965 225
a 965 408 225
a 966 965 1456
a 965 966 1456
a 965 967 211
a 967 965 211
a 694 699 2948
a 699 694 2948
a 693 729 523
a 729 693 523
a 754 755 1010
a 755 754 1010
a 738 754 560
a 754 738 560
a 708 693 491
a 693 708 491
a 714 708 123
a 708 714 123
a 714 968 514
a 968 714 514
a 968 969 340
a 969 968 340
a 968 970 155
a 970 968 155
a 848 971 97
a 971 848 97
a 592 972 1785
a 972 592 1785
a 734 784 303
a 784 734 303
a 754 842 215
a 842 754 215
a 838 847 485
a 847 838 485
a 458 836 253
a 836 458 253
a 847 830 269
a 830 847 269
a 972 852 1052
a 852 972 1052
a 736 848 68
a 848 736 68
a 972 973 455
a 973 972 455
a 856 797 190
a 797 856 190
a 971 756 554
a 756 971 554
a 974 797 180
a 797 974 180
a 971 825 440
a 825 971 440
a 971 975 244
a 975 971 244
a 974 976 937
a 976 974 937
a 678 977 871
a 977 678 871
a 849 978 184
a 978 849 184
a 979 795 1385
a 795 979 1385
a 976 856 1172
a 856 976 1172
a 798 980 1100
a 980 798 1100
a 981 982 966
a 982 981 966
a 851 981 154
a 981 851 154
a 983 984 905
a 984 983 905
a 854 979 570
a 979 854 570
a 854 985 787
a 985 854 787
a 986 987 1365
a 987 986 1365
a 987 988 41
a 988 987 41
a 987 989 150
a 989 987 150
a 988 983 1088
a 983 988 1088
a 973 875 149
a 875 973 149
a 678 857 184
a 857 678 184
a 973 853 1072
a 853 973 1072
a 845 986 209
a 986 845 209
a 853 874 209
a 874 853 209
a 988 845 1612
a 845 988 1612
a 853 981 599
a 981 853 599
a 983 817 1871
a 817 983 1871
a 818 852 365
a 852 818 365
a 818 850 491
a 850 818 491
a 850 851 644
a 851 850 644
a 980 976 522
a 976 980 522
a 875 980 368
a 980 875 368
a 985 990 55
a 990 985 55
a 991 992 395
a 992 991 395
a 985 993 86
a 993 985 86
a 991 994 126
a 994 991 126
a 799 801 291
a 801 799 291
a 995 979 136
a 979 995 136
a 995 996 562
a 996 995 562
a 992 995 235
a 995 992 235
a 997 802 307
a 802 997 307
a 992 998 550
a 998 992 550
a 999 991 233
a 991 999 233
a 994 799 326
a 799 994 326
a 999 994 272
a 994 999 272
a 994 799 326
a 799 994 326
a 801 1000 228
a 1000 801 228
a 993 1001 202
a 1001 993 202
a 1002 991 92
a 991 1002 92
a 993 1003 339
a 1003 993 339
a 993 1004 340
a 1004 993 340
a 989 1005 289
a 1005 989 289
a 1005 999 283
a 999 1005 283
a 989 1005 289
a 1005 989 289
a 1004 1002 339
a 1002 1004 339
a 1001 1002 193
a 1002 1001 193
a 1004 1001 275
a 1001 1004 275
a 1003 1002 331
a 1002 1003 331
a 1001 1003 271
a 1003 1001 271
a 992 995 235
a 995 992 235
a 998 997 328
a 997 998 328
a 996 997 359
a 997 996 359
a 998 996 272
a 996 998 272
a 1006 986 168
a 986 1006 168
a 1007 1006 177
a 1006 1007 177
a 1006 1007 177
a 1007 1006 177
a 1008 1007 177
a 1007 1008 177
a 1009 1008 177
a 1008 1009 177
a 1008 1009 177
a 1009 1008 177
a 1010 1009 268
a 1009 1010 268
a 878 880 199
a 880 878 199
a 1010 978 236
a 978 1010 236
a 978 1010 236
a 1010 978 236
a 1008 1009 177
a 1009 1008 177
a 982 983 109
a 983 982 109
a 1011 1012 488
a 1012 1011 488
a 795 1013 112
a 1013 795 112
a 1012 1014 87
a 1014 1012 87
a 1010 978 236
a 978 1010 236
a 1015 982 135
a 982 1015 135
a 1016 1015 256
a 1015 1016 256
a 1015 1016 256
a 1016 1015 256
a 1017 1011 336
a 1011 1017 336
a 798 1018 533
a 1018 798 533
a 1019 1017 340
a 1017 1019 340
a 1020 1012 901
a 1012 1020 901
a 1020 793 211
a 793 1020 211
a 1013 1020 241
a 1020 1013 241
a 793 1011 257
a 1011 793 257
a 1013 794 372
a 794 1013 372
a 794 1021 266
a 1021 794 266
a 1021 1019 433
a 1019 1021 433
a 1017 1021 366
a 1021 1017 366
a 802 1022 31
a 1022 802 31
a 903 940 1411
a 940 903 1411
a 658 423 139
a 423 658 139
a 1023 658 106
a 658 1023 106
a 844 832 255
a 832 844 255
a 839 835 264
a 835 839 264
a 835 837 325
a 837 835 325
a 1024 434 137
a 434 1024 137
a 436 435 80
a 435 436 80
a 1024 436 403
a 436 1024 403
a 764 765 515
a 765 764 515
a 763 764 565
a 764 763 565
a 763 767 284
a 767 763 284
a 816 450 72
a 450 816 72
a 454 453 163
a 453 454 163
a 829 457 102
a 457 829 102
a 828 829 210
a 829 828 210
a 451 452 23
a 452 451 23
a 1025 1026 65
a 1026 1025 65
a 1025 459 47
a 459 1025 47
a 1026 816 187
a 816 1026 187
a 1027 1028 49
a 1028 1027 49
a 1026 1027 99
a 1027 1026 99
a 1028 1025 56
a 1025 1028 56
a 1029 467 32
a 467 1029 32
a 1028 1029 66
a 1029 1028 66
a 449 1027 35
a 1027 449 35
a 521 1030 52
a 1030 521 52
a 523 521 63
a 521 523 63
a 461 506 343
a 506 461 343
a 501 473 40
a 473 501 40
a 468 466 42
a 466 468 42
a 503 504 82
a 504 503 82
a 471 472 334
a 472 471 334
a 519 505 31
a 505 519 31
a 1031 531 249
a 531 1031 249
a 533 534 22
a 534 533 22
a 1031 533 37
a 533 1031 37
a 470 508 36
a 508 470 36
a 612 1032 1364
a 1032 612 1364
a 1033 1019 110
a 1019 1033 110
a 796 798 685
a 798 796 685
a 1033 796 354
a 796 1033 354
a 1018 1033 84
a 1033 1018 84
a 981 1018 605
a 1018 981 605
a 1014 1016 58
a 1016 1014 58
a 1014 1034 112
a 1034 1014 112
a 1034 1035 53
a 1035 1034 53
a 1034 1036 47
a 1036 1034 47
a 1037 1038 477
a 1038 1037 477
a 1039 1040 324
a 1040 1039 324
a 1041 1042 403
a 1042 1041 403
a 1043 1044 218
a 1044 1043 218
a 1045 1046 395
a 1046 1045 395
a 1047 1048 227
a 1048 1047 227
a 1049 1050 123
a 1050 1049 123
a 1051 1052 1099
a 1052 1051 1099
a 1053 1051 283
a 1051 1053 283
a 1054 1055 312
a 1055 1054 312
a 1052 1056 267
a 1056 1052 267
a 1057 1058 1191
a 1058 1057 1191
a 1059 1057 960
a 1057 1059 960
a 1057 1060 1073
a 1060 1057 1073
a 1061 1060 1339
a 1060 1061 1339
a 1060 1062 1549
a 1062 1060 1549
a 1063 1064 525
a 1064 1063 525
a 1065 1066 269
a 1066 1065 269
a 1056 1063 537
a 1063 1056 537
a 1067 1068 412
a 1068 1067 412
a 1069 1059 110
a 1059 1069 110
a 1070 1071 122
a 1071 1070 122
a 1061 1072 126
a 1072 1061 126
a 1072 1070 1128
a 1070 1072 1128
a 1073 1070 1128
a 1070 1073 1128
a 1074 1075 214
a 1075 1074 214
a 1064 1076 486
a 1076 1064 486
a 1077 1078 129
a 1078 1077 129
a 1077 1065 1373
a 1065 1077 1373
a 1074 1079 631
a 1079 1074 631
a 1080 1081 190
a 1081 1080 190
a 1080 1082 557
a 1082 1080 557
a 1082 1083 1260
a 1083 1082 1260
a 1082 1084 17
a 1084 1082 17
a 1084 1062 35
a 1062 1084 35
a 1077 1085 354
a 1085 1077 354
a 1086 1087 1486
a 1087 1086 1486
a 1062 1088 6997
a 1088 1062 6997
a 1089 1090 738
a 1090 1089 738
a 1091 1090 36
a 1090 1091 36
a 1088 1089 2199
a 1089 1088 2199
a 1088 1092 2094
a 1092 1088 2094
a 1092 1093 2512
a 1093 1092 2512
a 1094 1095 4972
a 1095 1094 4972
a 1096 1097 926
a 1097 1096 926
a 1097 1098 265
a 1098 1097 265
a 1099 1100 726
a 1100 1099 726
a 1097 1101 623
a 1101 1097 623
a 1102 1103 178
a 1103 1102 178
a 1104 1105 142
a 1105 1104 142
a 1106 1107 7160
a 1107 1106 7160
a 1106 1108 220
a 1108 1106 220
a 1108 1109 3458
a 1109 1108 3458
a 1110 1106 2198
a 1106 1110 2198
a 1110 1111 1955
a 1111 1110 1955
a 1112 1110 3639
a 1110 1112 3639
a 1113 1112 3620
a 1112 1113 3620
a 1114 1115 49
a 1115 1114 49
a 1114 1116 44
a 1116 1114 44
a 1115 1117 6064
a 1117 1115 6064
a 1116 1118 1547
a 1118 1116 1547
a 1113 1114 1789
a 1114 1113 1789
a 1118 1119 1025
a 1119 1118 1025
a 1120 1121 1069
a 1121 1120 1069
a 1109 1122 2447
a 1122 1109 2447
a 1122 1117 1648
a 1117 1122 1648
a 1104 1123 381
a 1123 1104 381
a 1117 1124 74
a 1124 1117 74
a 1124 1125 4218
a 1125 1124 4218
a 1126 1127 48
a 1127 1126 48
a 1128 1129 68
a 1129 1128 68
a 1130 1131 4486
a 1131 1130 4486
a 1132 1133 1167
a 1133 1132 1167
a 1129 1134 208
a 1134 1129 208
a 1129 1135 94
a 1135 1129 94
a 1128 1136 95
a 1136 1128 95
a 1137 1138 444
a 1138 1137 444
a 1139 1140 514
a 1140 1139 514
a 1138 1137 444
a 1137 1138 444
a 1139 1141 98
a 1141 1139 98
a 1142 1143 102
a 1143 1142 102
a 1144 1145 203
a 1145 1144 203
a 1145 1146 94
a 1146 1145 94
a 1147 1148 725
a 1148 1147 725
a 1149 1150 489
a 1150 1149 489
a 1151 1149 330
a 1149 1151 330
a 1151 1149 330
a 1149 1151 330
a 1137 1132 243
a 1132 1137 243
a 1138 1137 444
a 1137 1138 444
a 1152 1151 412
a 1151 1152 412
a 1132 1152 499
a 1152 1132 499
a 1153 1152 877
a 1152 1153 877
a 1152 1154 609
a 1154 1152 609
a 1155 1153 1114
a 1153 1155 1114
a 1153 1156 219
a 1156 1153 219
a 1157 1158 33
a 1158 1157 33
a 1158 1159 1322
a 1159 1158 1322
a 1160 1161 1127
a 1161 1160 1127
a 1112 1162 7847
a 1162 1112 7847
a 1163 1162 8173
a 1162 1163 8173
a 1162 1164 545
a 1164 1162 545
a 1165 1164 1896
a 1164 1165 1896
a 1165 1113 6181
a 1113 1165 6181
a 1165 1166 1855
a 1166 1165 1855
a 1157 1158 33
a 1158 1157 33
a 1164 1167 4550
a 1167 1164 4550
a 1102 1168 331
a 1168 1102 331
a 1168 1169 566
a 1169 1168 566
a 1170 1171 2101
a 1171 1170 2101
a 1168 1172 69
a 1172 1168 69
a 1170 1173 485
a 1173 1170 485
a 1173 1174 801
a 1174 1173 801
a 1173 1175 683
a 1175 1173 683
a 1176 1177 251
a 1177 1176 251
a 1178 1179 349
a 1179 1178 349
a 1180 1181 106
a 1181 1180 106
a 1182 1183 447
a 1183 1182 447
a 1182 1184 86
a 1184 1182 86
a 1185 1186 436
a 1186 1185 436
a 1176 1182 728
a 1182 1176 728
a 1177 1174 84
a 1174 1177 84
a 1174 1187 57
a 1187 1174 57
a 1188 1189 549
a 1189 1188 549
a 1190 1191 585
a 1191 1190 585
a 1190 1192 438
a 1192 1190 438
a 1193 1194 313
a 1194 1193 313
a 1195 1196 396
a 1196 1195 396
a 1185 1197 119
a 1197 1185 119
a 1197 1198 361
a 1198 1197 361
a 1195 1190 527
a 1190 1195 527
a 1199 1195 194
a 1195 1199 194
a 1200 1201 404
a 1201 1200 404
a 1202 1200 120
a 1200 1202 120
a 1203 1202 548
a 1202 1203 548
a 1204 1202 152
a 1202 1204 152
a 1204 1205 147
a 1205 1204 147
a 1206 1204 570
a 1204 1206 570
a 1207 1178 590
a 1178 1207 590
a 1208 1209 461
a 1209 1208 461
a 1210 1209 343
a 1209 1210 343
a 1211 1212 528
a 1212 1211 528
a 1212 1208 284
a 1208 1212 284
a 1213 1198 222
a 1198 1213 222
a 1198 1214 473
a 1214 1198 473
a 1215 1198 246
a 1198 1215 246
a 1216 1214 505
a 1214 1216 505
a 1214 1199 661
a 1199 1214 661
a 1215 1211 266
a 1211 1215 266
a 1217 1218 36
a 1218 1217 36
a 1219 1220 183
a 1220 1219 183
a 1220 1210 511
a 1210 1220 511
a 1221 1220 403
a 1220 1221 403
a 1210 1222 441
a 1222 1210 441
a 1223 1210 167
a 1210 1223 167
a 1208 1224 191
a 1224 1208 191
a 1212 1225 276
a 1225 1212 276
a 1225 1226 310
a 1226 1225 310
a 1224 1222 281
a 1222 1224 281
a 1222 1227 286
a 1227 1222 286
a 1227 1228 290
a 1228 1227 290
a 1221 1229 306
a 1229 1221 306
a 1230 1217 37
a 1217 1230 37
a 1214 1231 677
a 1231 1214 677
a 1232 1233 567
a 1233 1232 567
a 1234 1235 290
a 1235 1234 290
a 1236 1237 448
a 1237 1236 448
a 1238 1239 573
a 1239 1238 573
a 1240 1241 300
a 1241 1240 300
a 1242 1236 440
a 1236 1242 440
a 1238 1243 460
a 1243 1238 460
a 1244 1238 274
a 1238 1244 274
a 1245 1246 526
