c 9th DIMACS Implementation Challenge: Shortest Paths
c http://www.dis.uniroma1.it/~challenge9
c TIGER/Line graph VT.tmp
c
p sp 97975 215116
c graph contains 97975 nodes and 215116 arcs
c
a 1 2 138
a 2 1 138
a 3 1 1039
a 1 3 1039
a 3 4 176
a 4 3 176
a 3 5 503
a 5 3 503
a 5 6 251
a 6 5 251
a 7 5 111
a 5 7 111
a 8 9 22
a 9 8 22
a 10 11 16
a 11 10 16
a 12 13 272
a 13 12 272
a 14 15 34
a 15 14 34
a 16 17 472
a 17 16 472
a 17 18 126
a 18 17 126
a 19 20 242
a 20 19 242
a 21 22 413
a 22 21 413
a 23 24 265
a 24 23 265
a 25 26 360
a 26 25 360
a 27 28 257
a 28 27 257
a 29 30 113
a 30 29 113
a 31 32 50
a 32 31 50
a 27 33 83
a 33 27 83
a 34 35 139
a 35 34 139
a 36 37 149
a 37 36 149
a 38 39 82
a 39 38 82
a 38 40 103
a 40 38 103
a 41 42 802
a 42 41 802
a 43 44 1348
a 44 43 1348
a 36 45 17
a 45 36 17
a 46 47 84
a 47 46 84
a 48 49 71
a 49 48 71
a 25 50 94
a 50 25 94
a 51 52 1722
a 52 51 1722
a 49 53 13
a 53 49 13
a 54 55 590
a 55 54 590
a 56 19 56
a 19 56 56
a 57 56 162
a 56 57 162
a 17 58 322
a 58 17 322
a 29 59 184
a 59 29 184
a 16 54 528
a 54 16 528
a 31 29 242
a 29 31 242
a 53 60 33
a 60 53 33
a 44 61 35
a 61 44 35
a 62 63 222
a 63 62 222
a 64 65 156
a 65 64 156
a 24 66 149
a 66 24 149
a 50 67 329
a 67 50 329
a 67 68 217
a 68 67 217
a 69 57 61
a 57 69 61
a 70 71 49
a 71 70 49
a 72 73 162
a 73 72 162
a 74 72 206
a 72 74 206
a 75 76 512
a 76 75 512
a 77 78 78
a 78 77 78
a 58 56 431
a 56 58 431
a 79 19 320
a 19 79 320
a 80 21 205
a 21 80 205
a 22 81 94
a 81 22 94
a 45 41 33
a 41 45 33
a 82 43 342
a 43 82 342
a 83 82 506
a 82 83 506
a 84 23 53
a 23 84 53
a 85 86 184
a 86 85 184
a 87 43 82
a 43 87 82
a 85 88 34
a 88 85 34
a 89 90 382
a 90 89 382
a 91 87 751
a 87 91 751
a 92 93 20
a 93 92 20
a 94 95 271
a 95 94 271
a 95 96 72
a 96 95 72
a 97 98 886
a 98 97 886
a 98 99 439
a 99 98 439
a 100 101 801
a 101 100 801
a 102 103 77
a 103 102 77
a 21 104 81
a 104 21 81
a 102 105 210
a 105 102 210
a 106 107 239
a 107 106 239
a 108 21 173
a 21 108 173
a 104 108 206
a 108 104 206
a 109 110 256
a 110 109 256
a 111 112 170
a 112 111 170
a 113 114 434
a 114 113 434
a 115 116 126
a 116 115 126
a 117 118 194
a 118 117 194
a 119 119 0
a 119 119 0
a 120 121 41
a 121 120 41
a 121 122 228
a 122 121 228
a 121 123 27
a 123 121 27
a 124 125 80
a 125 124 80
a 122 126 20
a 126 122 20
a 127 128 397
a 128 127 397
a 66 25 156
a 25 66 156
a 129 130 511
a 130 129 511
a 131 132 475
a 132 131 475
a 30 133 987
a 133 30 987
a 134 135 500
a 135 134 500
a 136 137 48
a 137 136 48
a 138 139 378
a 139 138 378
a 140 38 112
a 38 140 112
a 141 142 99
a 142 141 99
a 143 144 237
a 144 143 237
a 145 146 324
a 146 145 324
a 147 148 250
a 148 147 250
a 149 150 370
a 150 149 370
a 151 152 127
a 152 151 127
a 153 154 802
a 154 153 802
a 153 155 199
a 155 153 199
a 156 157 151
a 157 156 151
a 158 156 151
a 156 158 151
a 159 158 200
a 158 159 200
a 159 156 160
a 156 159 160
a 160 161 209
a 161 160 209
a 162 163 16
a 163 162 16
a 162 164 756
a 164 162 756
a 165 166 37
a 166 165 37
a 167 168 12
a 168 167 12
a 169 170 320
a 170 169 320
a 171 169 739
a 169 171 739
a 172 173 566
a 173 172 566
a 174 175 22
a 175 174 22
a 176 177 339
a 177 176 339
a 178 179 566
a 179 178 566
a 180 181 34
a 181 180 34
a 182 183 3204
a 183 182 3204
a 184 185 567
a 185 184 567
a 186 187 498
a 187 186 498
a 188 189 937
a 189 188 937
a 190 191 709
a 191 190 709
a 176 192 303
a 192 176 303
a 155 193 695
a 193 155 695
a 174 188 263
a 188 174 263
a 194 195 88
a 195 194 88
a 195 174 110
a 174 195 110
a 186 196 519
a 196 186 519
a 197 198 118
a 198 197 118
a 199 200 551
a 200 199 551
a 201 202 30
a 202 201 30
a 197 201 23
a 201 197 23
a 203 204 198
a 204 203 198
a 204 205 2912
a 205 204 2912
a 205 206 667
a 206 205 667
a 206 207 538
a 207 206 538
a 208 164 840
a 164 208 840
a 182 209 147
a 209 182 147
a 177 210 214
a 210 177 214
a 167 211 15
a 211 167 15
a 171 212 65
a 212 171 65
a 213 171 74
a 171 213 74
a 214 213 178
a 213 214 178
a 172 215 33
a 215 172 33
a 184 172 871
a 172 184 871
a 216 217 407
a 217 216 407
a 163 218 34
a 218 163 34
a 219 160 480
a 160 219 480
a 220 221 33
a 221 220 33
a 222 223 189
a 223 222 189
a 150 162 736
a 162 150 736
a 224 184 50
a 184 224 50
a 215 225 149
a 225 215 149
a 226 169 147
a 169 226 147
a 200 227 327
a 227 200 327
a 212 167 31
a 167 212 31
a 170 165 500
a 165 170 500
a 181 228 600
a 228 181 600
a 229 206 109
a 206 229 109
a 230 180 63
a 180 230 63
a 207 230 1036
a 230 207 1036
a 231 232 125
a 232 231 125
a 111 233 463
a 233 111 463
a 234 136 43
a 136 234 43
a 234 235 45
a 235 234 45
a 236 237 146
a 237 236 146
a 228 238 1049
a 238 228 1049
a 236 239 82
a 239 236 82
a 168 240 301
a 240 168 301
a 211 177 88
a 177 211 88
a 225 214 885
a 214 225 885
a 241 242 495
a 242 241 495
a 243 165 656
a 165 243 656
a 243 244 162
a 244 243 162
a 245 246 57
a 246 245 57
a 166 149 519
a 149 166 519
a 245 247 942
a 247 245 942
a 248 249 83
a 249 248 83
a 250 251 139
a 251 250 139
a 223 252 412
a 252 223 412
a 253 254 785
a 254 253 785
a 255 256 882
a 256 255 882
a 257 258 948
a 258 257 948
a 259 260 63
a 260 259 63
a 157 261 138
a 261 157 138
a 261 151 567
a 151 261 567
a 260 262 398
a 262 260 398
a 262 204 2360
a 204 262 2360
a 205 263 823
a 263 205 823
a 264 265 3
a 265 264 3
a 164 266 319
a 266 164 319
a 221 159 20
a 159 221 20
a 267 268 60
a 268 267 60
a 185 186 1850
a 186 185 1850
a 267 269 99
a 269 267 99
a 161 221 12
a 221 161 12
a 270 267 65
a 267 270 65
a 191 220 24
a 220 191 24
a 191 271 269
a 271 191 269
a 272 273 29
a 273 272 29
a 272 274 41
a 274 272 41
a 275 276 1364
a 276 275 1364
a 277 276 224
a 276 277 224
a 278 279 130
a 279 278 130
a 280 281 354
a 281 280 354
a 277 282 790
a 282 277 790
a 283 284 51
a 284 283 51
a 285 286 1162
a 286 285 1162
a 287 288 690
a 288 287 690
a 280 289 593
a 289 280 593
a 287 290 608
a 290 287 608
a 291 287 30
a 287 291 30
a 292 293 1417
a 293 292 1417
a 293 278 517
a 278 293 517
a 279 294 640
a 294 279 640
a 294 295 524
a 295 294 524
a 295 296 333
a 296 295 333
a 296 280 723
a 280 296 723
a 281 297 1342
a 297 281 1342
a 297 298 120
a 298 297 120
a 298 299 338
a 299 298 338
a 300 291 1315
a 291 300 1315
a 180 301 1030
a 301 180 1030
a 302 303 638
a 303 302 638
a 303 304 324
a 304 303 324
a 304 292 678
a 292 304 678
a 305 278 1786
a 278 305 1786
a 306 305 500
a 305 306 500
a 301 307 1453
a 307 301 1453
a 308 300 432
a 300 308 432
a 308 309 67
a 309 308 67
a 310 311 19
a 311 310 19
a 311 312 206
a 312 311 206
a 309 310 14
a 310 309 14
a 309 313 20
a 313 309 20
a 314 315 1189
a 315 314 1189
a 316 317 36
a 317 316 36
a 318 319 246
a 319 318 246
a 320 321 843
a 321 320 843
a 322 308 287
a 308 322 287
a 323 324 201
a 324 323 201
a 323 325 182
a 325 323 182
a 326 327 741
a 327 326 741
a 328 329 286
a 329 328 286
a 330 328 2125
a 328 330 2125
a 331 332 47
a 332 331 47
a 333 334 79
a 334 333 79
a 335 336 775
a 336 335 775
a 337 338 2471
a 338 337 2471
a 339 340 180
a 340 339 180
a 341 342 517
a 342 341 517
a 341 343 1361
a 343 341 1361
a 344 341 505
a 341 344 505
a 345 346 167
a 346 345 167
a 347 348 109
a 348 347 109
a 347 349 1473
a 349 347 1473
a 350 351 1286
a 351 350 1286
a 352 353 1058
a 353 352 1058
a 343 354 1107
a 354 343 1107
a 355 331 78
a 331 355 78
a 356 357 450
a 357 356 450
a 358 359 1064
a 359 358 1064
a 350 356 301
a 356 350 301
a 329 360 378
a 360 329 378
a 329 361 292
a 361 329 292
a 362 328 462
a 328 362 462
a 363 364 483
a 364 363 483
a 365 366 153
a 366 365 153
a 367 368 1092
a 368 367 1092
a 342 367 575
a 367 342 575
a 342 369 545
a 369 342 545
a 344 370 179
a 370 344 179
a 344 371 282
a 371 344 282
a 372 373 749
a 373 372 749
a 374 375 1582
a 375 374 1582
a 346 374 739
a 374 346 739
a 376 377 1591
a 377 376 1591
a 378 379 155
a 379 378 155
a 378 380 692
a 380 378 692
a 381 382 671
a 382 381 671
a 381 376 1759
a 376 381 1759
a 383 384 1013
a 384 383 1013
a 383 385 243
a 385 383 243
a 386 383 77
a 383 386 77
a 387 388 1269
a 388 387 1269
a 387 389 447
a 389 387 447
a 390 391 489
a 391 390 489
a 390 392 1418
a 392 390 1418
a 393 394 71
a 394 393 71
a 393 395 855
a 395 393 855
a 396 376 712
a 376 396 712
a 397 398 1551
a 398 397 1551
a 399 400 558
a 400 399 558
a 401 396 359
a 396 401 359
a 402 403 180
a 403 402 180
a 402 401 323
a 401 402 323
a 404 405 47
a 405 404 47
a 404 397 116
a 397 404 116
a 406 381 736
a 381 406 736
a 406 407 338
a 407 406 338
a 408 409 50
a 409 408 50
a 410 406 372
a 406 410 372
a 411 412 39
a 412 411 39
a 413 386 1047
a 386 413 1047
a 413 414 138
a 414 413 138
a 415 411 49
a 411 415 49
a 416 415 85
a 415 416 85
a 417 418 57
a 418 417 57
a 417 419 57
a 419 417 57
a 420 416 145
a 416 420 145
a 420 410 147
a 410 420 147
a 421 408 285
a 408 421 285
a 422 420 236
a 420 422 236
a 423 415 54
a 415 423 54
a 424 425 64
a 425 424 64
a 424 417 232
a 417 424 232
a 426 401 1318
a 401 426 1318
a 427 428 56
a 428 427 56
a 429 430 53
a 430 429 53
a 429 431 509
a 431 429 509
a 432 433 188
a 433 432 188
a 432 426 1859
a 426 432 1859
a 434 432 208
a 432 434 208
a 435 434 618
a 434 435 618
a 435 436 661
a 436 435 661
a 437 421 1075
a 421 437 1075
a 438 437 35
a 437 438 35
a 439 435 202
a 435 439 202
a 426 440 193
a 440 426 193
a 441 442 112
a 442 441 112
a 443 429 1111
a 429 443 1111
a 443 444 1464
a 444 443 1464
a 445 439 1007
a 439 445 1007
a 446 447 1504
a 447 446 1504
a 446 443 906
a 443 446 906
a 448 434 1590
a 434 448 1590
a 449 441 925
a 441 449 925
a 450 451 214
a 451 450 214
a 450 452 180
a 452 450 180
a 348 453 194
a 453 348 194
a 454 455 177
a 455 454 177
a 354 456 82
a 456 354 82
a 457 450 862
a 450 457 862
a 348 458 159
a 458 348 159
a 459 448 1099
a 448 459 1099
a 460 461 1310
a 461 460 1310
a 460 462 1474
a 462 460 1474
a 463 464 219
a 464 463 219
a 463 465 224
a 465 463 224
a 466 467 567
a 467 466 567
a 468 469 148
a 469 468 148
a 470 471 311
a 471 470 311
a 472 470 518
a 470 472 518
a 473 474 519
a 474 473 519
a 473 475 791
a 475 473 791
a 476 477 20
a 477 476 20
a 476 473 1202
a 473 476 1202
a 478 479 702
a 479 478 702
a 478 480 1104
a 480 478 1104
a 481 482 664
a 482 481 664
a 481 478 108
a 478 481 108
a 483 481 548
a 481 483 548
a 483 484 903
a 484 483 903
a 349 372 279
a 372 349 279
a 485 472 1304
a 472 485 1304
a 485 486 219
a 486 485 219
a 487 488 1157
a 488 487 1157
a 489 490 131
a 490 489 131
a 491 487 1187
a 487 491 1187
a 492 493 580
a 493 492 580
a 492 494 330
a 494 492 330
a 495 487 860
a 487 495 860
a 496 495 183
a 495 496 183
a 496 497 491
a 497 496 491
a 498 481 2360
a 481 498 2360
a 498 476 2894
a 476 498 2894
a 499 500 256
a 500 499 256
a 501 502 676
a 502 501 676
a 503 504 38
a 504 503 38
a 505 506 27
a 506 505 27
a 507 508 551
a 508 507 551
a 507 509 906
a 509 507 906
a 510 511 843
a 511 510 843
a 512 513 253
a 513 512 253
a 514 503 957
a 503 514 957
a 506 515 124
a 515 506 124
a 516 514 1814
a 514 516 1814
a 516 505 120
a 505 516 120
a 517 518 72
a 518 517 72
a 517 519 74
a 519 517 74
a 520 521 689
a 521 520 689
a 522 523 1155
a 523 522 1155
a 522 524 807
a 524 522 807
a 525 526 425
a 526 525 425
a 527 528 275
a 528 527 275
a 527 512 780
a 512 527 780
a 529 530 234
a 530 529 234
a 531 514 1081
a 514 531 1081
a 531 532 136
a 532 531 136
a 533 517 965
a 517 533 965
a 533 534 538
a 534 533 538
a 535 536 380
a 536 535 380
a 537 535 294
a 535 537 294
a 537 538 235
a 538 537 235
a 539 525 1085
a 525 539 1085
a 540 541 217
a 541 540 217
a 542 543 211
a 543 542 211
a 544 545 1552
a 545 544 1552
a 544 540 162
a 540 544 162
a 546 547 321
a 547 546 321
a 365 548 100
a 548 365 100
a 391 386 1165
a 386 391 1165
a 549 413 859
a 413 549 859
a 436 424 221
a 424 436 221
a 433 422 442
a 422 433 442
a 550 387 252
a 387 550 252
a 551 445 1276
a 445 551 1276
a 447 445 569
a 445 447 569
a 444 439 1264
a 439 444 1264
a 552 549 817
a 549 552 817
a 553 446 136
a 446 553 136
a 337 554 669
a 554 337 669
a 555 556 114
a 556 555 114
a 557 558 964
a 558 557 964
a 395 559 492
a 559 395 492
a 560 473 698
a 473 560 698
a 474 472 239
a 472 474 239
a 466 464 1117
a 464 466 1117
a 500 489 1314
a 489 500 1314
a 561 352 463
a 352 561 463
a 373 483 991
a 483 373 991
a 530 562 303
a 562 530 303
a 563 499 352
a 499 563 352
a 564 496 120
a 496 564 120
a 562 522 329
a 522 562 329
a 565 527 748
a 527 565 748
a 566 542 683
a 542 566 683
a 562 567 162
a 567 562 162
a 330 568 26
a 568 330 26
a 568 397 44
a 397 568 44
a 405 557 800
a 557 405 800
a 556 404 54
a 404 556 54
a 405 556 41
a 556 405 41
a 394 390 593
a 390 394 593
a 558 393 40
a 393 558 40
a 554 427 36
a 427 554 36
a 554 430 42
a 430 554 42
a 569 552 508
a 552 569 508
a 430 427 39
a 427 430 39
a 428 555 1491
a 555 428 1491
a 569 570 454
a 570 569 454
a 571 572 692
a 572 571 692
a 573 574 177
a 574 573 177
a 414 423 35
a 423 414 35
a 412 410 48
a 410 412 48
a 575 354 41
a 354 575 41
a 456 553 1133
a 553 456 1133
a 576 577 62
a 577 576 62
a 578 550 23
a 550 578 23
a 576 578 52
a 578 576 52
a 423 411 58
a 411 423 58
a 418 416 137
a 416 418 137
a 419 413 103
a 413 419 103
a 418 419 49
a 419 418 49
a 579 576 82
a 576 579 82
a 509 580 1307
a 580 509 1307
a 579 577 53
a 577 579 53
a 494 491 140
a 491 494 140
a 493 485 421
a 485 493 421
a 494 493 530
a 493 494 530
a 581 565 135
a 565 581 135
a 532 582 37
a 582 532 37
a 583 516 1338
a 516 583 1338
a 582 583 74
a 583 582 74
a 584 525 122
a 525 584 122
a 528 584 57
a 584 528 57
a 585 586 156
a 586 585 156
a 585 581 978
a 581 585 978
a 534 531 1238
a 531 534 1238
a 515 587 15
a 587 515 15
a 526 506 254
a 506 526 254
a 526 505 253
a 505 526 253
a 515 588 172
a 588 515 172
a 589 590 41
a 590 589 41
a 541 563 2998
a 563 541 2998
a 591 589 52
a 589 591 52
a 589 591 52
a 591 589 52
a 592 468 98
a 468 592 98
a 469 592 177
a 592 469 177
a 484 460 1026
a 460 484 1026
a 482 593 2036
a 593 482 2036
a 479 551 1721
a 551 479 1721
a 594 595 166
a 595 594 166
a 475 459 946
a 459 475 946
a 596 597 248
a 597 596 248
a 389 379 730
a 379 389 730
a 467 598 744
a 598 467 744
a 518 514 941
a 514 518 941
a 519 599 664
a 599 519 664
a 477 594 848
a 594 477 848
a 600 601 8
a 601 600 8
a 602 603 267
a 603 602 267
a 604 605 255
a 605 604 255
a 577 606 1315
a 606 577 1315
a 601 607 148
a 607 601 148
a 601 608 136
a 608 601 136
a 609 610 312
a 610 609 312
a 609 611 59
a 611 609 59
a 28 612 497
a 612 28 497
a 28 613 1673
a 613 28 1673
a 614 34 201
a 34 614 201
a 614 615 269
a 615 614 269
a 616 617 171
a 617 616 171
a 618 619 100
a 619 618 100
a 618 620 7
a 620 618 7
a 618 621 42
a 621 618 42
a 622 546 13
a 546 622 13
a 623 624 33
a 624 623 33
a 625 626 323
a 626 625 323
a 627 628 245
a 628 627 245
a 629 630 27
a 630 629 27
a 631 625 342
a 625 631 342
a 632 633 3909
a 633 632 3909
a 634 635 144
a 635 634 144
a 636 637 664
a 637 636 664
a 634 638 610
a 638 634 610
a 639 640 124
a 640 639 124
a 639 641 1640
a 641 639 1640
a 642 631 315
a 631 642 315
a 643 642 1714
a 642 643 1714
a 643 644 978
a 644 643 978
a 645 646 81
a 646 645 81
a 645 647 350
a 647 645 350
a 648 645 275
a 645 648 275
a 648 649 156
a 649 648 156
a 650 651 97
a 651 650 97
a 652 650 293
a 650 652 293
a 653 654 1270
a 654 653 1270
a 653 655 113
a 655 653 113
a 656 657 343
a 657 656 343
a 658 659 226
a 659 658 226
a 660 661 558
a 661 660 558
a 660 662 408
a 662 660 408
a 663 664 122
a 664 663 122
a 663 660 141
a 660 663 141
a 598 663 962
a 663 598 962
a 598 596 909
a 596 598 909
a 665 666 165
a 666 665 165
a 667 668 936
a 668 667 936
a 669 490 756
a 490 669 756
a 670 671 1253
a 671 670 1253
a 672 670 1283
a 670 672 1283
a 673 674 33
a 674 673 33
a 673 675 53
a 675 673 53
a 676 677 498
a 677 676 498
a 678 667 949
a 667 678 949
a 679 285 1024
a 285 679 1024
a 359 680 510
a 680 359 510
a 681 678 153
a 678 681 153
a 681 682 958
a 682 681 958
a 489 677 228
a 677 489 228
a 683 670 783
a 670 683 783
a 684 678 895
a 678 684 895
a 685 686 904
a 686 685 904
a 687 688 26
a 688 687 26
a 687 689 380
a 689 687 380
a 680 673 81
a 673 680 81
a 690 691 17
a 691 690 17
a 690 692 120
a 692 690 120
a 693 683 792
a 683 693 792
a 694 690 119
a 690 694 119
a 694 693 377
a 693 694 377
a 693 8 842
a 8 693 842
a 695 696 24
a 696 695 24
a 697 698 167
a 698 697 167
a 699 700 339
a 700 699 339
a 699 701 31
a 701 699 31
a 702 703 408
a 703 702 408
a 702 704 894
a 704 702 894
a 705 706 565
a 706 705 565
a 707 708 563
a 708 707 563
a 709 710 1859
a 710 709 1859
a 711 699 44
a 699 711 44
a 712 709 979
a 709 712 979
a 712 702 1344
a 702 712 1344
a 713 714 90
a 714 713 90
a 713 715 1541
a 715 713 1541
a 716 717 39
a 717 716 39
a 718 632 73
a 632 718 73
a 617 719 131
a 719 617 131
a 606 720 837
a 720 606 837
a 721 722 682
a 722 721 682
a 722 650 377
a 650 722 377
a 723 631 425
a 631 723 425
a 724 725 699
a 725 724 699
a 726 727 242
a 727 726 242
a 728 648 138
a 648 728 138
a 729 730 1110
a 730 729 1110
a 731 721 946
a 721 731 946
a 732 656 161
a 656 732 161
a 733 734 70
a 734 733 70
a 735 736 342
a 736 735 342
a 737 359 401
a 359 737 401
a 738 733 2399
a 733 738 2399
a 739 740 207
a 740 739 207
a 741 742 118
a 742 741 118
a 743 705 162
a 705 743 162
a 744 684 168
a 684 744 168
a 686 744 30
a 744 686 30
a 640 745 418
a 745 640 418
a 608 604 405
a 604 608 405
a 610 600 122
a 600 610 122
a 647 746 77
a 746 647 77
a 747 618 64
a 618 747 64
a 621 747 54
a 747 621 54
a 720 748 275
a 748 720 275
a 620 749 79
a 749 620 79
a 620 750 377
a 750 620 377
a 749 751 511
a 751 749 511
a 619 752 413
a 752 619 413
a 753 754 266
a 754 753 266
a 621 724 229
a 724 621 229
a 755 624 17
a 624 755 17
a 756 757 88
a 757 756 88
a 624 758 533
a 758 624 533
a 757 758 35
a 758 757 35
a 630 755 195
a 755 630 195
a 759 760 543
a 760 759 543
a 630 759 25
a 759 630 25
a 662 729 135
a 729 662 135
a 761 665 140
a 665 761 140
a 762 761 77
a 761 762 77
a 763 764 314
a 764 763 314
a 572 765 29
a 765 572 29
a 730 658 34
a 658 730 34
a 766 658 44
a 658 766 44
a 661 662 306
a 662 661 306
a 661 731 55
a 731 661 55
a 763 767 197
a 767 763 197
a 768 760 31
a 760 768 31
a 769 770 128
a 770 769 128
a 641 771 1188
a 771 641 1188
a 772 773 139
a 773 772 139
a 774 775 153
a 775 774 153
a 776 777 165
a 777 776 165
a 778 779 207
a 779 778 207
a 603 778 77
a 778 603 77
a 780 632 1327
a 632 780 1327
a 649 780 64
a 780 649 64
a 711 701 41
a 701 711 41
a 286 726 1286
a 726 286 1286
a 668 781 1674
a 781 668 1674
a 286 782 1026
a 782 286 1026
a 783 681 54
a 681 783 54
a 784 687 29
a 687 784 29
a 688 785 28
a 785 688 28
a 700 786 487
a 786 700 487
a 706 684 1638
a 684 706 1638
a 701 787 368
a 787 701 368
a 788 789 184
a 789 788 184
a 790 788 131
a 788 790 131
a 791 792 370
a 792 791 370
a 793 794 40
a 794 793 40
a 717 795 1063
a 795 717 1063
a 796 797 665
a 797 796 665
a 717 796 79
a 796 717 79
a 798 799 187
a 799 798 187
a 798 800 943
a 800 798 943
a 691 801 952
a 801 691 952
a 692 683 574
a 683 692 574
a 802 803 210
a 803 802 210
a 680 675 70
a 675 680 70
a 804 805 66
a 805 804 66
a 805 571 586
a 571 805 586
a 806 672 49
a 672 806 49
a 807 808 4
a 808 807 4
a 808 672 49
a 672 808 49
a 675 807 179
a 807 675 179
a 674 663 1909
a 663 674 1909
a 736 695 21
a 695 736 21
a 696 809 106
a 809 696 106
a 810 697 26
a 697 810 26
a 715 697 27
a 697 715 27
a 714 811 79
a 811 714 79
a 714 812 103
a 812 714 103
a 813 814 73
a 814 813 73
a 814 693 193
a 693 814 193
a 626 815 215
a 815 626 215
a 816 817 376
a 817 816 376
a 34 28 117
a 28 34 117
a 818 819 306
a 819 818 306
a 665 642 447
a 642 665 447
a 819 625 692
a 625 819 692
a 820 819 277
a 819 820 277
a 821 822 82
a 822 821 82
a 823 824 145
a 824 823 145
a 644 639 759
a 639 644 759
a 825 737 931
a 737 825 931
a 734 826 16
a 826 734 16
a 827 812 296
a 812 827 296
a 828 735 390
a 735 828 390
a 829 695 355
a 695 829 355
a 704 813 596
a 813 704 596
a 830 694 585
a 694 830 585
a 797 705 1803
a 705 797 1803
a 831 832 647
a 832 831 647
a 833 834 294
a 834 833 294
a 743 835 1659
a 835 743 1659
a 781 836 799
a 836 781 799
a 727 837 725
a 837 727 725
a 838 839 661
a 839 838 661
a 254 840 566
a 840 254 566
a 841 838 900
a 838 841 900
a 841 842 585
a 842 841 585
a 843 844 449
a 844 843 449
a 845 846 215
a 846 845 215
a 845 245 96
a 245 845 96
a 847 848 164
a 848 847 164
a 849 848 87
a 848 849 87
a 850 851 479
a 851 850 479
a 852 853 568
a 853 852 568
a 854 850 19
a 850 854 19
a 855 856 1119
a 856 855 1119
a 855 857 361
a 857 855 361
a 858 859 735
a 859 858 735
a 858 860 218
a 860 858 218
a 861 862 32
a 862 861 32
a 863 864 847
a 864 863 847
a 202 197 24
a 197 202 24
a 202 863 379
a 863 202 379
a 865 866 188
a 866 865 188
a 867 27 303
a 27 867 303
a 867 614 708
a 614 867 708
a 868 869 168
a 869 868 168
a 868 870 35
a 870 868 35
a 871 872 310
a 872 871 310
a 873 874 25
a 874 873 25
a 875 867 751
a 867 875 751
a 876 873 389
a 873 876 389
a 876 877 54
a 877 876 54
a 878 879 13
a 879 878 13
a 878 873 133
a 873 878 133
a 880 881 446
a 881 880 446
a 882 883 330
a 883 882 330
a 882 880 189
a 880 882 189
a 884 885 16
a 885 884 16
a 886 882 93
a 882 886 93
a 886 887 101
a 887 886 101
a 888 880 168
a 880 888 168
a 888 886 192
a 886 888 192
a 889 890 194
a 890 889 194
a 889 891 62
a 891 889 62
a 892 893 1245
a 893 892 1245
a 894 895 365
a 895 894 365
a 896 892 141
a 892 896 141
a 897 889 369
a 889 897 369
a 898 875 458
a 875 898 458
a 898 899 462
a 899 898 462
a 900 901 1069
a 901 900 1069
a 900 902 241
a 902 900 241
a 900 903 82
a 903 900 82
a 904 878 768
a 878 904 768
a 904 905 13
a 905 904 13
a 906 898 340
a 898 906 340
a 907 904 324
a 904 907 324
a 908 907 249
a 907 908 249
a 908 909 738
a 909 908 738
a 910 911 32
a 911 910 32
a 742 848 147
a 848 742 147
a 912 913 1184
a 913 912 1184
a 237 914 35
a 914 237 35
a 237 915 548
a 915 237 548
a 916 917 101
a 917 916 101
a 918 919 361
a 919 918 361
a 918 124 539
a 124 918 539
a 920 921 477
a 921 920 477
a 922 923 786
a 923 922 786
a 922 145 465
a 145 922 465
a 924 922 76
a 922 924 76
a 925 926 337
a 926 925 337
a 927 843 434
a 843 927 434
a 927 925 358
a 925 927 358
a 928 929 242
a 929 928 242
a 930 931 25
a 931 930 25
a 932 933 105
a 933 932 105
a 934 935 238
a 935 934 238
a 936 937 873
a 937 936 873
a 938 939 50
a 939 938 50
a 938 940 219
a 940 938 219
a 941 942 112
a 942 941 112
a 941 943 70
a 943 941 70
a 843 944 1223
a 944 843 1223
a 945 946 64
a 946 945 64
a 947 948 463
a 948 947 463
a 949 938 179
a 938 949 179
a 949 947 93
a 947 949 93
a 949 941 301
a 941 949 301
a 950 951 295
a 951 950 295
a 952 947 170
a 947 952 170
a 952 949 131
a 949 952 131
a 953 954 132
a 954 953 132
a 955 936 399
a 936 955 399
a 956 956 0
a 956 956 0
a 957 952 136
a 952 957 136
a 957 958 424
a 958 957 424
a 959 955 837
a 955 959 837
a 960 961 45
a 961 960 45
a 962 963 686
a 963 962 686
a 964 965 117
a 965 964 117
a 964 959 85
a 959 964 85
a 966 967 95
a 967 966 95
a 968 969 17
a 969 968 17
a 970 971 1162
a 971 970 1162
a 972 973 14
a 973 972 14
a 974 975 65
a 975 974 65
a 976 972 576
a 972 976 576
a 976 977 17
a 977 976 17
a 978 979 31
a 979 978 31
a 980 981 538
a 981 980 538
a 982 974 352
a 974 982 352
a 983 969 251
a 969 983 251
a 983 984 696
a 984 983 696
a 985 980 568
a 980 985 568
a 986 987 70
a 987 986 70
a 546 988 148
a 988 546 148
a 989 990 119
a 990 989 119
a 989 991 165
a 991 989 165
a 992 993 386
a 993 992 386
a 992 994 258
a 994 992 258
a 995 996 420
a 996 995 420
a 995 997 44
a 997 995 44
a 998 999 748
a 999 998 748
a 1000 1001 107
a 1001 1000 107
a 1002 1003 191
a 1003 1002 191
a 1002 992 659
a 992 1002 659
a 1004 1005 507
a 1005 1004 507
a 1006 1007 51
a 1007 1006 51
a 1006 1008 61
a 1008 1006 61
a 1009 1010 58
a 1010 1009 58
a 1009 1000 400
a 1000 1009 400
a 1011 1012 268
a 1012 1011 268
a 1011 1013 663
a 1013 1011 663
a 953 1014 20
a 1014 953 20
a 859 1015 17
a 1015 859 17
a 1016 1017 439
a 1017 1016 439
a 1018 1019 244
a 1019 1018 244
a 1020 858 363
a 858 1020 363
a 1021 871 322
a 871 1021 322
a 874 1022 16
a 1022 874 16
a 1023 868 139
a 868 1023 139
a 870 1024 470
a 1024 870 470
a 1025 871 82
a 871 1025 82
a 1026 906 51
a 906 1026 51
a 1027 897 65
a 897 1027 65
a 903 896 815
a 896 903 815
a 1028 907 66
a 907 1028 66
a 905 1029 116
a 1029 905 116
a 937 928 25
a 928 937 25
a 1030 928 128
a 928 1030 128
a 923 920 147
a 920 923 147
a 919 1031 769
a 1031 919 769
a 1032 1033 496
a 1033 1032 496
a 914 277 196
a 277 914 196
a 915 1028 519
a 1028 915 519
a 971 1034 277
a 1034 971 277
a 1008 1035 1211
a 1035 1008 1211
a 1007 1036 631
a 1036 1007 631
a 1036 1037 51
a 1037 1036 51
a 1038 1039 75
a 1039 1038 75
a 1013 1040 456
a 1040 1013 456
a 1041 989 47
a 989 1041 47
a 1042 1043 812
a 1043 1042 812
a 1003 1044 148
a 1044 1003 148
a 1045 1046 849
a 1046 1045 849
a 975 742 59
a 742 975 59
a 1047 1045 243
a 1045 1047 243
a 1048 1049 44
a 1049 1048 44
a 1050 1004 89
a 1004 1050 89
a 997 1041 6
a 1041 997 6
a 1051 1052 419
a 1052 1051 419
a 1053 1054 152
a 1054 1053 152
a 948 1055 468
a 1055 948 468
a 933 1056 1256
a 1056 933 1256
a 1057 1058 507
a 1058 1057 507
a 689 955 561
a 955 689 561
a 977 1059 20
a 1059 977 20
a 1060 976 20
a 976 1060 20
a 1012 1050 350
a 1050 1012 350
a 141 854 265
a 854 141 265
a 1059 707 714
a 707 1059 714
a 39 1061 147
a 1061 39 147
a 999 1062 9
a 1062 999 9
a 1059 999 69
a 999 1059 69
a 883 1063 161
a 1063 883 161
a 1063 39 132
a 39 1063 132
a 1064 1065 24
a 1065 1064 24
a 1066 1067 528
a 1067 1066 528
a 1068 1069 110
a 1069 1068 110
a 1070 884 106
a 884 1070 106
a 887 1070 134
a 1070 887 134
a 895 882 74
a 882 895 74
a 944 1071 406
a 1071 944 406
a 1072 1073 158
a 1073 1072 158
a 944 1074 621
a 1074 944 621
a 1075 1072 149
a 1072 1075 149
a 1073 1070 39
a 1070 1073 39
a 1076 1072 58
a 1072 1076 58
a 1073 1077 106
a 1077 1073 106
a 899 1068 126
a 1068 899 126
a 899 1078 126
a 1078 899 126
a 891 1076 264
a 1076 891 264
a 891 143 34
a 143 891 34
a 1079 855 72
a 855 1079 72
a 1080 1081 89
a 1081 1080 89
a 890 1082 225
a 1082 890 225
a 1080 1083 41
a 1083 1080 41
a 1083 1084 5
a 1084 1083 5
a 1085 1086 134
a 1086 1085 134
a 1087 739 46
a 739 1087 46
a 846 1088 867
a 1088 846 867
a 1049 1089 44
a 1089 1049 44
a 872 1090 367
a 1090 872 367
a 1089 1091 43
a 1091 1089 43
a 241 1092 1638
a 1092 241 1638
a 1093 1080 168
a 1080 1093 168
a 1024 1094 141
a 1094 1024 141
a 1024 1095 102
a 1095 1024 102
a 877 1023 131
a 1023 877 131
a 1096 877 74
a 877 1096 74
a 1097 1098 102
a 1098 1097 102
a 1098 201 34
a 201 1098 34
a 1099 1100 177
a 1100 1099 177
a 1101 912 313
a 912 1101 313
a 1102 1101 56
a 1101 1102 56
a 1085 1103 189
a 1103 1085 189
a 1104 1105 34
a 1105 1104 34
a 1106 1030 182
a 1030 1106 182
a 1105 1107 2
a 1107 1105 2
a 1054 1108 103
a 1108 1054 103
a 707 962 632
a 962 707 632
a 959 1109 44
a 1109 959 44
a 987 983 438
a 983 987 438
a 991 1110 240
a 1110 991 240
a 987 991 212
a 991 987 212
a 1110 1111 124
a 1111 1110 124
a 990 986 147
a 986 990 147
a 1109 960 41
a 960 1109 41
a 990 1112 125
a 1112 990 125
a 1112 1113 52
a 1113 1112 52
a 1114 998 222
a 998 1114 222
a 1115 1116 639
a 1116 1115 639
a 1115 1117 456
a 1117 1115 456
a 1116 1118 144
a 1118 1116 144
a 1119 1120 143
a 1120 1119 143
a 1121 1122 63
a 1122 1121 63
a 1121 1123 101
a 1123 1121 101
a 1119 1009 86
a 1009 1119 86
a 1124 1125 208
a 1125 1124 208
a 1125 1126 13
a 1126 1125 13
a 1127 1124 90
a 1124 1127 90
a 1010 1121 378
a 1121 1010 378
a 1128 1129 150
a 1129 1128 150
a 1052 1053 446
a 1053 1052 446
a 1130 1131 116
a 1131 1130 116
a 1132 1052 665
a 1052 1132 665
a 1127 1133 263
a 1133 1127 263
a 1134 985 624
a 985 1134 624
a 1131 1000 48
a 1000 1131 48
a 1123 1131 11
a 1131 1123 11
a 1135 945 1
a 945 1135 1
a 1133 1136 164
a 1136 1133 164
a 981 1042 159
a 1042 981 159
a 1137 1138 101
a 1138 1137 101
a 1133 1139 151
a 1139 1133 151
a 1140 1141 86
a 1141 1140 86
a 1142 1143 27
a 1143 1142 27
a 1143 1144 58
a 1144 1143 58
a 1042 966 72
a 966 1042 72
a 1145 967 82
a 967 1145 82
a 1145 967 82
a 967 1145 82
a 1014 1146 20
a 1146 1014 20
a 1147 1148 26
a 1148 1147 26
a 1147 1149 89
a 1149 1147 89
a 1150 1151 33
a 1151 1150 33
a 1146 1147 104
a 1147 1146 104
a 1150 1152 94
a 1152 1150 94
a 1152 1146 22
a 1146 1152 22
a 1151 1135 71
a 1135 1151 71
a 954 945 92
a 945 954 92
a 942 946 87
a 946 942 87
a 954 942 72
a 942 954 72
a 946 1153 53
a 1153 946 53
a 943 934 59
a 934 943 59
a 1154 1155 50
a 1155 1154 50
a 943 1154 195
a 1154 943 195
a 1155 934 149
a 934 1155 149
a 1156 1157 57
a 1157 1156 57
a 958 1158 227
a 1158 958 227
a 1159 935 258
a 935 1159 258
a 1159 1160 155
a 1160 1159 155
a 1161 1162 61
a 1162 1161 61
a 1161 232 81
a 232 1161 81
a 1163 1161 225
a 1161 1163 225
a 1163 1164 114
a 1164 1163 114
a 1164 1165 73
a 1165 1164 73
a 1166 1163 179
a 1163 1166 179
a 1164 1167 40
a 1167 1164 40
a 1168 1169 119
a 1169 1168 119
a 1165 1170 184
a 1170 1165 184
a 1171 1172 30
a 1172 1171 30
a 1171 1173 92
a 1173 1171 92
a 1149 1174 67
a 1174 1149 67
a 742 1175 291
a 1175 742 291
a 1176 1177 40
a 1177 1176 40
a 940 1156 19
a 1156 940 19
a 1178 1179 195
a 1179 1178 195
a 1156 940 19
a 940 1156 19
a 1147 1158 91
a 1158 1147 91
a 1175 1180 38
a 1180 1175 38
a 1181 1182 493
a 1182 1181 493
a 1183 1181 207
a 1181 1183 207
a 1183 1184 70
a 1184 1183 70
a 1185 1002 49
a 1002 1185 49
a 1185 1186 194
a 1186 1185 194
a 1187 1188 46
a 1188 1187 46
a 1189 1187 214
a 1187 1189 214
a 1190 1189 91
a 1189 1190 91
a 1190 1191 113
a 1191 1190 113
a 1087 1192 115
a 1192 1087 115
a 1193 1190 61
a 1190 1193 61
a 1044 1183 30
a 1183 1044 30
a 1044 1194 102
a 1194 1044 102
a 1086 1087 132
a 1087 1086 132
a 1086 1195 353
a 1195 1086 353
a 1093 1085 276
a 1085 1093 276
a 1099 1093 129
a 1093 1099 129
a 1196 1099 91
a 1099 1196 91
a 1197 1198 69
a 1198 1197 69
a 1199 1200 218
a 1200 1199 218
a 1201 1202 48
a 1202 1201 48
a 1203 1204 158
a 1204 1203 158
a 1205 1206 193
a 1206 1205 193
a 1207 1201 88
a 1201 1207 88
a 1208 1209 229
a 1209 1208 229
a 1210 1211 290
a 1211 1210 290
a 1212 1213 308
a 1213 1212 308
a 1071 1026 1052
a 1026 1071 1052
a 1214 910 195
a 910 1214 195
a 1215 910 143
a 910 1215 143
a 1033 1216 21
a 1216 1033 21
a 1217 1218 10
a 1218 1217 10
a 951 1219 1956
a 1219 951 1956
a 1217 1220 96
a 1220 1217 96
a 866 1221 437
a 1221 866 437
a 893 1025 1544
a 1025 893 1544
a 1040 1114 16
a 1114 1040 16
a 1005 1222 107
a 1222 1005 107
a 1223 1134 91
a 1134 1223 91
a 1224 974 854
a 974 1224 854
a 994 982 405
a 982 994 405
a 1225 1226 1
a 1226 1225 1
a 1227 1228 54
a 1228 1227 54
a 1229 838 760
a 838 1229 760
a 838 1230 379
a 1230 838 379
a 1230 1231 99
a 1231 1230 99
a 86 1229 529
a 1229 86 529
a 1228 1232 93
a 1232 1228 93
a 1233 1234 20
a 1234 1233 20
a 97 1235 185
a 1235 97 185
a 1022 1236 121
a 1236 1022 121
a 1237 1097 28
a 1097 1237 28
a 198 1238 304
a 1238 198 304
a 1239 1240 240
a 1240 1239 240
a 864 1241 385
a 1241 864 385
a 1242 906 589
a 906 1242 589
a 1061 141 499
a 141 1061 499
a 1243 1244 210
a 1244 1243 210
a 1245 1246 255
a 1246 1245 255
a 1247 1245 303
a 1245 1247 303
a 1247 1248 56
a 1248 1247 56
a 1249 1250 180
a 1250 1249 180
a 1251 1252 230
a 1252 1251 230
a 1253 1248 1107
a 1248 1253 1107
a 1254 1248 797
a 1248 1254 797
a 1255 566 1134
a 566 1255 1134
a 1255 1256 424
a 1256 1255 424
a 1257 1258 63
a 1258 1257 63
a 1259 539 1535
a 539 1259 1535
a 1259 542 667
a 542 1259 667
a 1260 1261 535
a 1261 1260 535
a 1262 1260 389
a 1260 1262 389
a 1262 1263 290
a 1263 1262 290
a 520 1264 331
a 1264 520 331
a 1265 1266 115
a 1266 1265 115
a 1267 1268 79
a 1268 1267 79
a 1269 1270 1195
a 1270 1269 1195
a 543 531 795
a 531 543 795
a 1271 1265 527
a 1265 1271 527
a 1271 1272 387
a 1272 1271 387
a 1273 1259 1944
a 1259 1273 1944
a 1273 1274 472
a 1274 1273 472
a 1275 1276 625
a 1276 1275 625
a 1275 1277 1164
a 1277 1275 1164
a 1278 539 2049
a 539 1278 2049
a 1278 1275 537
a 1275 1278 537
a 1279 1259 1377
a 1259 1279 1377
a 1279 1278 1214
a 1278 1279 1214
a 1278 1280 264
a 1280 1278 264
a 1281 1282 1009
a 1282 1281 1009
a 1279 1283 1842
a 1283 1279 1842
a 1258 1284 55
a 1284 1258 55
a 1285 1282 562
a 1282 1285 562
a 1286 1287 653
a 1287 1286 653
a 1288 1289 176
a 1289 1288 176
a 1290 1285 245
a 1285 1290 245
a 1291 1292 863
a 1292 1291 863
a 1293 1294 1127
a 1294 1293 1127
a 1293 1295 1007
a 1295 1293 1007
a 1296 1297 117
a 1297 1296 117
a 1298 1299 1170
a 1299 1298 1170
a 1300 1301 117
a 1301 1300 117
a 1302 1303 2090
a 1303 1302 2090
a 1304 1305 452
a 1305 1304 452
a 1303 1306 1639
a 1306 1303 1639
a 1307 1298 1066
a 1298 1307 1066
a 1307 1308 507
a 1308 1307 507
a 1309 1300 1340
a 1300 1309 1340
a 1309 1310 1299
a 1310 1309 1299
a 1311 1312 557
a 1312 1311 557
a 1313 1309 1582
a 1309 1313 1582
a 1313 1314 1211
a 1314 1313 1211
a 1313 1315 322
a 1315 1313 322
a 1316 1307 799
a 1307 1316 799
a 1317 1316 875
a 1316 1317 875
a 1317 1318 11
a 1318 1317 11
a 1319 1320 15
a 1320 1319 15
a 1321 1322 1602
a 1322 1321 1602
a 1323 1316 367
a 1316 1323 367
a 1323 1324 229
a 1324 1323 229
a 1325 1254 688
a 1254 1325 688
a 1326 1327 68
a 1327 1326 68
a 1326 1328 505
a 1328 1326 505
a 1329 1311 1871
a 1311 1329 1871
a 1329 1330 203
a 1330 1329 203
a 1319 1331 477
a 1331 1319 477
a 1320 1332 159
a 1332 1320 159
a 1333 1319 564
a 1319 1333 564
a 1333 1334 475
a 1334 1333 475
a 1333 1335 730
a 1335 1333 730
a 1336 1337 35
a 1337 1336 35
a 1338 1332 180
a 1332 1338 180
a 1338 1320 219
a 1320 1338 219
a 1339 1340 134
a 1340 1339 134
a 1339 1336 749
a 1336 1339 749
a 1341 1325 1173
a 1325 1341 1173
a 1342 1343 166
a 1343 1342 166
a 1344 1345 416
a 1345 1344 416
a 1346 1333 957
a 1333 1346 957
a 1347 1344 1182
a 1344 1347 1182
a 1347 1348 1516
a 1348 1347 1516
a 1349 1336 1041
a 1336 1349 1041
a 1350 1351 780
a 1351 1350 780
a 1350 1352 392
a 1352 1350 392
a 1350 1349 1301
a 1349 1350 1301
a 1353 1354 305
a 1354 1353 305
a 1251 1347 717
a 1347 1251 717
a 1251 1353 761
a 1353 1251 761
a 1355 1356 2124
a 1356 1355 2124
a 1357 1350 922
a 1350 1357 922
a 1358 1355 734
a 1355 1358 734
a 1358 1349 1130
a 1349 1358 1130
a 1359 1358 1144
a 1358 1359 1144
a 1359 1357 927
a 1357 1359 927
a 1360 1361 46
a 1361 1360 46
a 913 908 628
a 908 913 628
a 1362 1363 1436
a 1363 1362 1436
a 1362 1364 1059
a 1364 1362 1059
a 1365 1366 56
a 1366 1365 56
a 1367 1368 60
a 1368 1367 60
a 1368 1257 105
a 1257 1368 105
a 1369 1365 51
a 1365 1369 51
a 1354 1370 114
a 1370 1354 114
a 1370 1346 596
a 1346 1370 596
a 1371 1355 678
a 1355 1371 678
a 1337 1332 1459
a 1332 1337 1459
a 1372 1373 1140
a 1373 1372 1140
a 1374 1339 285
a 1339 1374 285
a 1375 1346 1084
a 1346 1375 1084
a 1352 1376 501
a 1376 1352 501
a 1351 1377 28
a 1377 1351 28
a 1378 1302 2598
a 1302 1378 2598
a 1328 1309 1568
a 1309 1328 1568
a 1335 1313 1384
a 1313 1335 1384
a 1315 1311 362
a 1311 1315 362
a 1314 1379 110
a 1379 1314 110
a 1276 1271 1070
a 1271 1276 1070
a 1380 1381 46
a 1381 1380 46
a 1277 581 966
a 581 1277 966
a 1274 520 466
a 520 1274 466
a 1382 1374 610
a 1374 1382 610
a 1383 1317 88
a 1317 1383 88
a 1384 1285 194
a 1285 1384 194
a 1345 1385 431
a 1385 1345 431
a 1386 1291 290
a 1291 1386 290
a 1387 1291 590
a 1291 1387 590
a 1379 1388 1694
a 1388 1379 1694
a 1312 1389 121
a 1389 1312 121
a 1305 1302 1264
a 1302 1305 1264
a 1289 1390 14
a 1390 1289 14
a 1391 1392 213
a 1392 1391 213
a 1393 1282 428
a 1282 1393 428
a 1394 1395 66
a 1395 1394 66
a 1380 1396 39
a 1396 1380 39
a 1396 1397 83
a 1397 1396 83
a 1398 1399 670
a 1399 1398 670
a 1398 1400 46
a 1400 1398 46
a 453 345 209
a 345 453 209
a 453 1401 91
a 1401 453 91
a 1251 1402 141
a 1402 1251 141
a 1162 1159 128
a 1159 1162 128
a 1363 1249 373
a 1249 1363 373
a 1304 1403 54
a 1403 1304 54
a 1404 1405 915
a 1405 1404 915
a 1403 1406 2229
a 1406 1403 2229
a 1389 1304 101
a 1304 1389 101
a 1403 1389 100
a 1389 1403 100
a 1270 1407 1039
a 1407 1270 1039
a 1408 544 247
a 544 1408 247
a 1409 540 375
a 540 1409 375
a 1409 1408 117
a 1408 1409 117
a 1410 1411 91
a 1411 1410 91
a 1263 1410 69
a 1410 1263 69
a 1412 1413 283
a 1413 1412 283
a 1288 1414 189
a 1414 1288 189
a 1288 1415 20
a 1415 1288 20
a 1415 1288 20
a 1288 1415 20
a 1416 503 20
a 503 1416 20
a 504 1416 33
a 1416 504 33
a 1417 1418 87
a 1418 1417 87
a 504 498 948
a 498 504 948
a 1419 541 562
a 541 1419 562
a 1268 1281 35
a 1281 1268 35
a 1267 1273 422
a 1273 1267 422
a 1257 1409 69
a 1409 1257 69
a 1420 1421 44
a 1421 1420 44
a 1422 1423 64
a 1423 1422 64
a 1424 1329 78
a 1329 1424 78
a 1422 1424 106
a 1424 1422 106
a 1331 1326 148
a 1326 1331 148
a 1327 1425 738
a 1425 1327 738
a 1423 1426 3
a 1426 1423 3
a 1427 1321 227
a 1321 1427 227
a 1428 1427 93
a 1427 1428 93
a 1340 1429 170
a 1429 1340 170
a 1429 1372 71
a 1372 1429 71
a 1430 1431 210
a 1431 1430 210
a 1430 1432 212
a 1432 1430 212
a 1433 1434 182
a 1434 1433 182
a 1303 1435 188
a 1435 1303 188
a 1432 1433 248
a 1433 1432 248
a 1436 1437 475
a 1437 1436 475
a 1363 1438 845
a 1438 1363 845
a 1439 1343 304
a 1343 1439 304
a 1348 1436 918
a 1436 1348 918
a 1440 1441 182
a 1441 1440 182
a 1442 1443 451
a 1443 1442 451
a 1436 1341 96
a 1341 1436 96
a 1442 1444 747
a 1444 1442 747
a 1343 1341 917
a 1341 1343 917
a 1445 1446 388
a 1446 1445 388
a 1445 1447 484
a 1447 1445 484
a 1448 1449 601
a 1449 1448 601
a 1449 1450 140
a 1450 1449 140
a 1450 1451 212
a 1451 1450 212
a 1452 1362 894
a 1362 1452 894
a 1451 1453 64
a 1453 1451 64
a 1452 1454 198
a 1454 1452 198
a 1455 1375 3113
a 1375 1455 3113
a 1454 1456 419
a 1456 1454 419
a 1457 1458 265
a 1458 1457 265
a 1455 1457 429
a 1457 1455 429
a 1457 1459 437
a 1459 1457 437
a 1460 1461 165
a 1461 1460 165
a 1461 1462 672
a 1462 1461 672
a 1462 1463 47
a 1463 1462 47
a 1464 1465 220
a 1465 1464 220
a 1465 1466 166
a 1466 1465 166
a 1467 1468 26
a 1468 1467 26
a 1466 1467 46
a 1467 1466 46
a 1467 1469 145
a 1469 1467 145
a 1469 1470 340
a 1470 1469 340
a 1470 1471 73
a 1471 1470 73
a 1435 1472 75
a 1472 1435 75
a 1406 1279 1245
a 1279 1406 1245
a 1388 1275 1195
a 1275 1388 1195
a 1292 1473 14
a 1473 1292 14
a 1474 1475 346
a 1475 1474 346
a 1366 1412 86
a 1412 1366 86
a 1438 1353 613
a 1353 1438 613
a 1310 1387 145
a 1387 1310 145
a 1295 1386 122
a 1386 1295 122
a 1301 1296 530
a 1296 1301 530
a 1322 1300 222
a 1300 1322 222
a 1459 1460 1397
a 1460 1459 1397
a 1456 1455 219
a 1455 1456 219
a 1476 1477 76
a 1477 1476 76
a 1478 1479 918
a 1479 1478 918
a 1478 1480 407
a 1480 1478 407
a 1481 1482 49
a 1482 1481 49
a 1483 1481 1357
a 1481 1483 1357
a 1484 709 474
a 709 1484 474
a 1483 1485 764
a 1485 1483 764
a 1486 709 2816
a 709 1486 2816
a 1487 1488 225
a 1488 1487 225
a 1487 1489 585
a 1489 1487 585
a 1490 1491 848
a 1491 1490 848
a 1490 1483 528
a 1483 1490 528
a 1492 1487 551
a 1487 1492 551
a 1493 1490 490
a 1490 1493 490
a 1494 833 331
a 833 1494 331
a 1495 1481 1165
a 1481 1495 1165
a 1495 1496 63
a 1496 1495 63
a 1497 1498 872
a 1498 1497 872
a 1499 1494 345
a 1494 1499 345
a 1500 1499 208
a 1499 1500 208
a 1500 1494 202
a 1494 1500 202
a 1501 1502 36
a 1502 1501 36
a 1503 1504 152
a 1504 1503 152
a 1503 1505 436
a 1505 1503 436
a 1506 1507 588
a 1507 1506 588
a 1506 1508 884
a 1508 1506 884
a 1509 1500 1346
a 1500 1509 1346
a 1509 1510 282
a 1510 1509 282
a 1511 1504 173
a 1504 1511 173
a 1512 1493 640
a 1493 1512 640
a 1513 1509 392
a 1509 1513 392
a 1514 1515 19
a 1515 1514 19
a 1516 1517 615
a 1517 1516 615
a 1516 1518 87
a 1518 1516 87
a 1502 1514 12
a 1514 1502 12
a 1038 1519 83
a 1519 1038 83
a 1520 1516 859
a 1516 1520 859
a 1520 1521 1251
a 1521 1520 1251
a 1299 1522 501
a 1522 1299 501
a 1299 1523 563
a 1523 1299 563
a 1524 1516 801
a 1516 1524 801
a 1525 1526 541
a 1526 1525 541
a 1525 1527 49
a 1527 1525 49
a 1528 1529 1031
a 1529 1528 1031
a 1528 1525 2404
a 1525 1528 2404
a 1530 1531 574
a 1531 1530 574
a 1175 1532 97
a 1532 1175 97
a 1533 1534 1840
a 1534 1533 1840
a 1535 1536 99
a 1536 1535 99
a 1535 1533 110
a 1533 1535 110
a 1382 1537 531
a 1537 1382 531
a 1538 1539 154
a 1539 1538 154
a 1540 1541 304
a 1541 1540 304
a 1542 1543 77
a 1543 1542 77
a 1531 1540 1054
a 1540 1531 1054
a 1531 1544 472
a 1544 1531 472
a 1356 1545 776
a 1545 1356 776
a 1526 1520 274
a 1520 1526 274
a 1482 1546 846
a 1546 1482 846
a 1547 1478 1140
a 1478 1547 1140
a 1507 1499 349
a 1499 1507 349
a 1517 1513 336
a 1513 1517 336
a 1548 1492 820
a 1492 1548 820
a 1549 1550 329
a 1550 1549 329
a 1489 1551 192
a 1551 1489 192
a 1496 1552 98
a 1552 1496 98
a 1553 1554 39
a 1554 1553 39
a 1555 1528 806
a 1528 1555 806
a 1521 1523 217
a 1523 1521 217
a 1541 1538 627
a 1538 1541 627
a 1556 1557 692
a 1557 1556 692
a 1544 1558 222
a 1558 1544 222
a 1552 1504 391
